2000 3998
0 1
1 0
0 2
2 0
0 6
6 0
0 15
15 0
0 27
27 0
0 34
34 0
0 66
66 0
0 93
93 0
0 146
146 0
0 170
170 0
0 171
171 0
0 173
173 0
0 271
271 0
0 449
449 0
0 466
466 0
0 491
491 0
0 543
543 0
0 661
661 0
0 706
706 0
0 1183
1183 0
0 1285
1285 0
0 1308
1308 0
0 1391
1391 0
0 1731
1731 0
0 1895
1895 0
0 1912
1912 0
0 1962
1962 0
1 3
3 1
1 4
4 1
1 11
11 1
1 21
21 1
1 22
22 1
1 24
24 1
1 25
25 1
1 30
30 1
1 45
45 1
1 52
52 1
1 74
74 1
1 85
85 1
1 114
114 1
1 120
120 1
1 124
124 1
1 132
132 1
1 161
161 1
1 210
210 1
1 247
247 1
1 293
293 1
1 368
368 1
1 371
371 1
1 399
399 1
1 417
417 1
1 418
418 1
1 441
441 1
1 473
473 1
1 502
502 1
1 503
503 1
1 684
684 1
1 785
785 1
1 1013
1013 1
1 1045
1045 1
1 1124
1124 1
1 1142
1142 1
1 1200
1200 1
1 1427
1427 1
1 1462
1462 1
1 1480
1480 1
1 1496
1496 1
1 1546
1546 1
1 1584
1584 1
1 1633
1633 1
1 1768
1768 1
1 1772
1772 1
1 1795
1795 1
1 1808
1808 1
1 1829
1829 1
1 1848
1848 1
1 1941
1941 1
2 10
10 2
2 68
68 2
2 81
81 2
2 166
166 2
2 182
182 2
2 331
331 2
2 445
445 2
2 746
746 2
2 872
872 2
2 1444
1444 2
2 1522
1522 2
2 1737
1737 2
2 1814
1814 2
3 5
5 3
3 7
7 3
3 9
9 3
3 13
13 3
3 18
18 3
3 19
19 3
3 26
26 3
3 31
31 3
3 90
90 3
3 123
123 3
3 129
129 3
3 141
141 3
3 145
145 3
3 153
153 3
3 175
175 3
3 177
177 3
3 178
178 3
3 186
186 3
3 232
232 3
3 241
241 3
3 275
275 3
3 294
294 3
3 297
297 3
3 317
317 3
3 324
324 3
3 332
332 3
3 339
339 3
3 356
356 3
3 362
362 3
3 380
380 3
3 383
383 3
3 431
431 3
3 435
435 3
3 444
444 3
3 447
447 3
3 454
454 3
3 471
471 3
3 478
478 3
3 484
484 3
3 494
494 3
3 515
515 3
3 589
589 3
3 607
607 3
3 615
615 3
3 645
645 3
3 672
672 3
3 715
715 3
3 719
719 3
3 777
777 3
3 807
807 3
3 825
825 3
3 841
841 3
3 887
887 3
3 959
959 3
3 982
982 3
3 1025
1025 3
3 1082
1082 3
3 1103
1103 3
3 1163
1163 3
3 1206
1206 3
3 1214
1214 3
3 1306
1306 3
3 1309
1309 3
3 1341
1341 3
3 1355
1355 3
3 1417
1417 3
3 1441
1441 3
3 1471
1471 3
3 1558
1558 3
3 1563
1563 3
3 1611
1611 3
3 1620
1620 3
3 1632
1632 3
3 1696
1696 3
3 1744
1744 3
3 1753
1753 3
3 1786
1786 3
3 1835
1835 3
3 1841
1841 3
4 8
8 4
4 14
14 4
4 41
41 4
4 44
44 4
4 63
63 4
4 89
89 4
4 105
105 4
4 112
112 4
4 125
125 4
4 126
126 4
4 142
142 4
4 148
148 4
4 169
169 4
4 172
172 4
4 180
180 4
4 181
181 4
4 188
188 4
4 234
234 4
4 238
238 4
4 261
261 4
4 305
305 4
4 310
310 4
4 381
381 4
4 391
391 4
4 396
396 4
4 398
398 4
4 422
422 4
4 476
476 4
4 485
485 4
4 488
488 4
4 552
552 4
4 567
567 4
4 603
603 4
4 605
605 4
4 660
660 4
4 663
663 4
4 691
691 4
4 717
717 4
4 768
768 4
4 817
817 4
4 836
836 4
4 902
902 4
4 909
909 4
4 935
935 4
4 955
955 4
4 1038
1038 4
4 1118
1118 4
4 1210
1210 4
4 1288
1288 4
4 1405
1405 4
4 1433
1433 4
4 1493
1493 4
4 1529
1529 4
4 1832
1832 4
5 508
508 5
5 1767
1767 5
6 16
16 6
6 364
364 6
6 432
432 6
6 463
463 6
6 556
556 6
6 1520
1520 6
6 1757
1757 6
7 73
73 7
7 218
218 7
7 397
397 7
7 410
410 7
7 416
416 7
7 496
496 7
7 510
510 7
7 759
759 7
7 1110
1110 7
7 1358
1358 7
7 1368
1368 7
8 12
12 8
8 20
20 8
8 28
28 8
8 39
39 8
8 43
43 8
8 58
58 8
8 59
59 8
8 65
65 8
8 87
87 8
8 165
165 8
8 183
183 8
8 192
192 8
8 196
196 8
8 202
202 8
8 223
223 8
8 270
270 8
8 308
308 8
8 550
550 8
8 622
622 8
8 692
692 8
8 701
701 8
8 707
707 8
8 740
740 8
8 771
771 8
8 796
796 8
8 847
847 8
8 894
894 8
8 1022
1022 8
8 1056
1056 8
8 1065
1065 8
8 1066
1066 8
8 1096
1096 8
8 1106
1106 8
8 1122
1122 8
8 1127
1127 8
8 1143
1143 8
8 1149
1149 8
8 1218
1218 8
8 1226
1226 8
8 1343
1343 8
8 1426
1426 8
8 1793
1793 8
8 1953
1953 8
9 167
167 9
9 1537
1537 9
10 278
278 10
10 511
511 10
10 1536
1536 10
10 1627
1627 10
10 1663
1663 10
10 1876
1876 10
10 1945
1945 10
11 1976
1976 11
12 72
72 12
12 246
246 12
12 263
263 12
12 281
281 12
12 347
347 12
12 487
487 12
12 522
522 12
12 1743
1743 12
13 17
17 13
13 134
134 13
13 219
219 13
13 250
250 13
13 541
541 13
13 681
681 13
13 1041
1041 13
13 1179
1179 13
13 1533
1533 13
13 1600
1600 13
13 1892
1892 13
13 1969
1969 13
14 741
741 14
14 1083
1083 14
14 1792
1792 14
15 23
23 15
16 243
243 16
16 1864
1864 16
17 37
37 17
17 118
118 17
17 143
143 17
17 212
212 17
17 215
215 17
17 337
337 17
17 411
411 17
17 475
475 17
17 697
697 17
17 884
884 17
17 1115
1115 17
17 1188
1188 17
17 1615
1615 17
17 1887
1887 17
18 109
109 18
18 244
244 18
18 637
637 18
18 1233
1233 18
19 92
92 19
19 150
150 19
20 97
97 20
20 194
194 20
20 379
379 20
22 38
38 22
22 82
82 22
22 102
102 22
22 104
104 22
22 116
116 22
22 233
233 22
22 256
256 22
22 267
267 22
22 307
307 22
22 617
617 22
22 620
620 22
22 650
650 22
22 770
770 22
22 794
794 22
22 831
831 22
22 881
881 22
22 1495
1495 22
22 1652
1652 22
22 1748
1748 22
22 1815
1815 22
22 1984
1984 22
23 29
29 23
23 35
35 23
23 47
47 23
23 50
50 23
23 222
222 23
23 240
240 23
23 276
276 23
23 433
433 23
23 528
528 23
23 625
625 23
23 696
696 23
23 853
853 23
23 873
873 23
23 921
921 23
23 973
973 23
23 989
989 23
23 1009
1009 23
23 1104
1104 23
23 1125
1125 23
23 1180
1180 23
23 1266
1266 23
23 1349
1349 23
23 1360
1360 23
23 1720
1720 23
23 1862
1862 23
23 1890
1890 23
23 1957
1957 23
24 48
48 24
24 70
70 24
24 251
251 24
24 272
272 24
24 300
300 24
24 301
301 24
24 312
312 24
24 341
341 24
24 345
345 24
24 538
538 24
24 554
554 24
24 694
694 24
24 931
931 24
24 940
940 24
24 1069
1069 24
24 1121
1121 24
24 1279
1279 24
24 1345
1345 24
24 1469
1469 24
24 1487
1487 24
24 1845
1845 24
24 1931
1931 24
24 1977
1977 24
25 49
49 25
25 100
100 25
25 115
115 25
25 164
164 25
25 226
226 25
25 283
283 25
25 495
495 25
25 565
565 25
25 671
671 25
25 962
962 25
25 1058
1058 25
25 1061
1061 25
25 1411
1411 25
25 1518
1518 25
25 1532
1532 25
26 318
318 26
26 674
674 26
26 708
708 26
26 752
752 26
26 977
977 26
26 990
990 26
26 1160
1160 26
26 1254
1254 26
26 1422
1422 26
26 1880
1880 26
27 60
60 27
27 313
313 27
27 390
390 27
27 600
600 27
27 630
630 27
27 710
710 27
27 747
747 27
27 851
851 27
27 870
870 27
27 907
907 27
27 916
916 27
27 1400
1400 27
27 1695
1695 27
27 1802
1802 27
28 1706
1706 28
29 32
32 29
29 53
53 29
29 77
77 29
29 91
91 29
29 338
338 29
29 452
452 29
29 516
516 29
29 598
598 29
29 657
657 29
29 665
665 29
29 803
803 29
29 827
827 29
29 891
891 29
29 1046
1046 29
29 1263
1263 29
29 1676
1676 29
29 1716
1716 29
29 1813
1813 29
29 1825
1825 29
29 1889
1889 29
30 51
51 30
30 71
71 30
30 319
319 30
30 530
530 30
30 578
578 30
30 624
624 30
30 1168
1168 30
30 1225
1225 30
30 1709
1709 30
31 33
33 31
31 108
108 31
31 1899
1899 31
32 36
36 32
32 42
42 32
32 131
131 32
32 163
163 32
32 191
191 32
32 198
198 32
32 412
412 32
32 424
424 32
32 816
816 32
32 1193
1193 32
33 62
62 33
33 106
106 33
33 945
945 33
33 1007
1007 33
33 1100
1100 33
33 1117
1117 33
33 1530
1530 33
33 1541
1541 33
33 1679
1679 33
33 1898
1898 33
34 155
155 34
34 370
370 34
35 40
40 35
35 426
426 35
35 500
500 35
35 839
839 35
35 1402
1402 35
35 1598
1598 35
36 69
69 36
36 138
138 36
36 439
439 36
36 536
536 36
36 604
604 36
36 835
835 36
36 1039
1039 36
36 1140
1140 36
36 1302
1302 36
37 56
56 37
37 78
78 37
37 135
135 37
37 225
225 37
37 658
658 37
37 1307
1307 37
37 1589
1589 37
37 1747
1747 37
38 95
95 38
38 144
144 38
38 420
420 38
38 513
513 38
38 593
593 38
38 842
842 38
38 1020
1020 38
38 1151
1151 38
38 1459
1459 38
38 1874
1874 38
39 273
273 39
39 1351
1351 39
39 1693
1693 39
39 1907
1907 39
40 946
946 40
42 61
61 42
42 80
80 42
42 113
113 42
42 127
127 42
42 195
195 42
42 197
197 42
42 388
388 42
42 462
462 42
42 606
606 42
42 767
767 42
42 938
938 42
42 1280
1280 42
42 1494
1494 42
42 1618
1618 42
42 1979
1979 42
43 55
55 43
43 67
67 43
43 154
154 43
43 282
282 43
43 384
384 43
43 436
436 43
43 456
456 43
43 457
457 43
43 627
627 43
43 712
712 43
43 726
726 43
43 782
782 43
43 802
802 43
43 811
811 43
43 981
981 43
43 1155
1155 43
43 1198
1198 43
43 1430
1430 43
43 1431
1431 43
43 1515
1515 43
44 130
130 44
44 220
220 44
44 260
260 44
44 333
333 44
44 458
458 44
44 534
534 44
44 1340
1340 44
44 1485
1485 44
44 1672
1672 44
44 1788
1788 44
45 46
46 45
45 103
103 45
45 189
189 45
45 1223
1223 45
45 1519
1519 45
46 54
54 46
46 1249
1249 46
46 1700
1700 46
47 304
304 47
47 846
846 47
47 1175
1175 47
47 1259
1259 47
48 925
925 48
48 1516
1516 48
48 1578
1578 48
48 1725
1725 48
48 1875
1875 48
49 57
57 49
49 75
75 49
49 98
98 49
49 147
147 49
49 159
159 49
49 437
437 49
49 521
521 49
49 859
859 49
49 1126
1126 49
49 1409
1409 49
50 311
311 50
51 79
79 51
51 88
88 51
51 576
576 51
51 1498
1498 51
54 1213
1213 54
54 1896
1896 54
55 64
64 55
55 111
111 55
55 133
133 55
55 158
158 55
55 174
174 55
55 269
269 55
55 363
363 55
55 791
791 55
55 808
808 55
55 833
833 55
55 1023
1023 55
55 1264
1264 55
55 1277
1277 55
55 1451
1451 55
55 1464
1464 55
55 1811
1811 55
55 1839
1839 55
55 1904
1904 55
55 1906
1906 55
55 1986
1986 55
55 1987
1987 55
56 895
895 56
57 489
489 57
57 509
509 57
57 1237
1237 57
57 1265
1265 57
57 1785
1785 57
58 430
430 58
58 568
568 58
58 854
854 58
58 1449
1449 58
58 1703
1703 58
59 1074
1074 59
60 361
361 60
60 1348
1348 60
62 119
119 62
63 94
94 63
63 298
298 63
63 1052
1052 63
63 1797
1797 63
64 99
99 64
64 151
151 64
64 157
157 64
64 343
343 64
64 355
355 64
64 406
406 64
64 498
498 64
64 540
540 64
64 581
581 64
64 646
646 64
64 748
748 64
64 783
783 64
64 1047
1047 64
64 1173
1173 64
64 1310
1310 64
64 1396
1396 64
64 1478
1478 64
64 1504
1504 64
64 1590
1590 64
64 1749
1749 64
65 136
136 65
65 156
156 65
65 306
306 65
65 438
438 65
65 638
638 65
65 1043
1043 65
65 1882
1882 65
66 83
83 66
66 200
200 66
66 635
635 66
66 994
994 66
67 86
86 67
67 110
110 67
67 676
676 67
67 705
705 67
69 586
586 69
70 760
760 70
71 335
335 71
71 392
392 71
71 477
477 71
71 633
633 71
71 1866
1866 71
72 514
514 72
72 1582
1582 72
73 122
122 73
73 901
901 73
74 76
76 74
76 608
608 76
77 393
393 77
77 675
675 77
78 190
190 78
79 184
184 79
79 1015
1015 79
80 1071
1071 80
81 84
84 81
81 933
933 81
82 121
121 82
82 1081
1081 82
84 1996
1996 84
85 107
107 85
85 321
321 85
85 570
570 85
85 867
867 85
85 1283
1283 85
85 1467
1467 85
85 1649
1649 85
87 162
162 87
87 168
168 87
87 235
235 87
87 372
372 87
87 421
421 87
87 795
795 87
87 879
879 87
87 1608
1608 87
88 224
224 88
88 360
360 88
88 557
557 88
88 1252
1252 88
89 96
96 89
89 101
101 89
89 315
315 89
89 328
328 89
89 613
613 89
89 896
896 89
89 1935
1935 89
90 230
230 90
90 258
258 90
90 459
459 90
90 1812
1812 90
92 369
369 92
92 415
415 92
92 733
733 92
92 769
769 92
92 942
942 92
92 1510
1510 92
92 1629
1629 92
92 1698
1698 92
93 149
149 93
93 152
152 93
93 693
693 93
93 716
716 93
93 890
890 93
93 1637
1637 93
93 1658
1658 93
94 266
266 94
94 395
395 94
94 1113
1113 94
94 1186
1186 94
94 1379
1379 94
95 1319
1319 95
95 1490
1490 95
95 1596
1596 95
96 199
199 96
96 209
209 96
96 213
213 96
96 245
245 96
96 291
291 96
96 863
863 96
96 876
876 96
96 885
885 96
96 985
985 96
96 1335
1335 96
96 1872
1872 96
97 206
206 97
97 334
334 97
97 414
414 97
97 512
512 97
97 548
548 97
97 653
653 97
97 1334
1334 97
97 1942
1942 97
98 229
229 98
98 943
943 98
98 1057
1057 98
98 1138
1138 98
98 1437
1437 98
98 1508
1508 98
100 208
208 100
100 299
299 100
100 507
507 100
100 1154
1154 100
100 1542
1542 100
103 117
117 103
103 179
179 103
103 207
207 103
103 216
216 103
103 292
292 103
103 377
377 103
103 467
467 103
103 468
468 103
103 483
483 103
103 789
789 103
103 834
834 103
103 1257
1257 103
103 1267
1267 103
103 1312
1312 103
103 1344
1344 103
103 1721
1721 103
104 248
248 104
104 375
375 104
104 801
801 104
104 813
813 104
105 754
754 105
105 1248
1248 105
105 1888
1888 105
105 1992
1992 105
106 287
287 106
106 327
327 106
106 434
434 106
106 506
506 106
106 698
698 106
106 843
843 106
106 865
865 106
106 898
898 106
106 960
960 106
106 1087
1087 106
106 1258
1258 106
106 1367
1367 106
106 1552
1552 106
106 1809
1809 106
107 602
602 107
108 966
966 108
111 139
139 111
111 325
325 111
111 427
427 111
111 580
580 111
111 647
647 111
111 722
722 111
111 1438
1438 111
111 1475
1475 111
112 236
236 112
112 440
440 112
112 1171
1171 112
112 1174
1174 112
114 829
829 114
114 1958
1958 114
115 1153
1153 115
115 1538
1538 115
116 535
535 116
119 474
474 119
121 128
128 121
121 353
353 121
121 563
563 121
121 996
996 121
121 1647
1647 121
121 1946
1946 121
122 254
254 122
122 314
314 122
122 643
643 122
122 880
880 122
122 1080
1080 122
122 1428
1428 122
122 1997
1997 122
124 743
743 124
124 819
819 124
124 993
993 124
124 1146
1146 124
128 211
211 128
128 542
542 128
128 1325
1325 128
129 597
597 129
129 855
855 129
129 864
864 129
129 963
963 129
129 998
998 129
129 1216
1216 129
129 1313
1313 129
129 1586
1586 129
129 1666
1666 129
129 1769
1769 129
129 1779
1779 129
131 140
140 131
131 1502
1502 131
131 1651
1651 131
132 280
280 132
132 403
403 132
132 826
826 132
132 1247
1247 132
132 1717
1717 132
132 1867
1867 132
133 137
137 133
133 205
205 133
133 668
668 133
133 1207
1207 133
133 1245
1245 133
133 1357
1357 133
133 1557
1557 133
133 1891
1891 133
134 228
228 134
134 274
274 134
134 585
585 134
134 970
970 134
134 1036
1036 134
134 1166
1166 134
134 1764
1764 134
135 1667
1667 135
136 288
288 136
136 924
924 136
136 1062
1062 136
136 1135
1135 136
136 1336
1336 136
136 1527
1527 136
136 1605
1605 136
139 407
407 139
140 575
575 140
140 1713
1713 140
141 1219
1219 141
141 1424
1424 141
142 201
201 142
142 284
284 142
142 886
886 142
142 1241
1241 142
142 1817
1817 142
143 160
160 143
143 204
204 143
143 1418
1418 143
146 187
187 146
146 492
492 146
146 588
588 146
146 731
731 146
147 290
290 147
147 302
302 147
147 553
553 147
147 678
678 147
147 1412
1412 147
147 1818
1818 147
148 259
259 148
148 519
519 148
148 780
780 148
149 667
667 149
149 699
699 149
149 1544
1544 149
151 344
344 151
151 596
596 151
151 919
919 151
152 231
231 152
152 382
382 152
153 227
227 153
153 262
262 153
153 373
373 153
153 451
451 153
153 763
763 153
153 788
788 153
153 861
861 153
153 975
975 153
154 249
249 154
154 737
737 154
154 821
821 154
154 824
824 154
154 1346
1346 154
156 1373
1373 156
158 193
193 158
158 405
405 158
158 644
644 158
158 666
666 158
158 949
949 158
158 976
976 158
158 1395
1395 158
159 1805
1805 159
160 1228
1228 160
161 268
268 161
161 1196
1196 161
162 255
255 162
162 378
378 162
162 549
549 162
162 1176
1176 162
162 1694
1694 162
163 176
176 163
163 277
277 163
163 320
320 163
163 1952
1952 163
164 893
893 164
164 1054
1054 164
165 875
875 165
165 908
908 165
167 185
185 167
168 214
214 168
168 1201
1201 168
170 279
279 170
170 346
346 170
170 531
531 170
170 1406
1406 170
170 1442
1442 170
171 217
217 171
171 257
257 171
171 340
340 171
171 497
497 171
171 551
551 171
171 1034
1034 171
172 936
936 172
173 221
221 173
173 461
461 173
173 1595
1595 173
173 1883
1883 173
176 203
203 176
176 296
296 176
176 1005
1005 176
176 1091
1091 176
177 351
351 177
177 374
374 177
177 520
520 177
177 544
544 177
177 1705
1705 177
177 1708
1708 177
178 844
844 178
179 582
582 179
179 1383
1383 179
179 1807
1807 179
181 868
868 181
182 367
367 182
182 573
573 182
183 252
252 183
183 309
309 183
183 359
359 183
183 450
450 183
183 453
453 183
183 469
469 183
183 472
472 183
183 614
614 183
183 779
779 183
183 812
812 183
183 950
950 183
183 1035
1035 183
183 1040
1040 183
183 1162
1162 183
183 1332
1332 183
183 1673
1673 183
183 1787
1787 183
185 253
253 185
185 877
877 185
188 348
348 188
188 579
579 188
188 713
713 188
188 889
889 188
188 1051
1051 188
188 1545
1545 188
190 242
242 190
190 1004
1004 190
190 1816
1816 190
192 632
632 192
192 1157
1157 192
192 1570
1570 192
193 237
237 193
193 389
389 193
193 470
470 193
193 720
720 193
193 723
723 193
193 1320
1320 193
194 1990
1990 194
196 239
239 196
196 265
265 196
196 685
685 196
196 903
903 196
196 937
937 196
196 1137
1137 196
196 1236
1236 196
198 366
366 198
198 1419
1419 198
198 1446
1446 198
198 1860
1860 198
199 286
286 199
199 1780
1780 199
201 322
322 201
201 571
571 201
203 1664
1664 203
205 352
352 205
205 504
504 205
205 840
840 205
205 1534
1534 205
205 1701
1701 205
208 423
423 208
208 428
428 208
208 486
486 208
208 525
525 208
208 680
680 208
208 686
686 208
208 724
724 208
208 1031
1031 208
208 1271
1271 208
208 1581
1581 208
208 1877
1877 208
209 330
330 209
209 545
545 209
210 618
618 210
210 1415
1415 210
210 1513
1513 210
210 1742
1742 210
211 402
402 211
211 991
991 211
212 329
329 212
212 1386
1386 212
213 1691
1691 213
214 1938
1938 214
216 429
429 216
216 499
499 216
216 1329
1329 216
218 735
735 218
218 1963
1963 218
219 1873
1873 219
220 349
349 220
220 400
400 220
220 1099
1099 220
220 1616
1616 220
220 1668
1668 220
223 1363
1363 223
223 1568
1568 223
223 1579
1579 223
224 285
285 224
224 1095
1095 224
224 1404
1404 224
224 1609
1609 224
224 1660
1660 224
224 1857
1857 224
224 1960
1960 224
225 659
659 225
227 1092
1092 227
227 1621
1621 227
229 386
386 229
230 1562
1562 230
230 1577
1577 230
232 365
365 232
232 1450
1450 232
236 928
928 236
239 357
357 239
239 742
742 239
239 837
837 239
239 1158
1158 239
239 1702
1702 239
240 303
303 240
240 595
595 240
240 639
639 240
240 662
662 240
240 761
761 240
240 1224
1224 240
240 1274
1274 240
240 1521
1521 240
240 1699
1699 240
240 1741
1741 240
240 1762
1762 240
242 787
787 242
242 978
978 242
242 1371
1371 242
243 1460
1460 243
244 264
264 244
244 523
523 244
245 679
679 245
245 778
778 245
246 1275
1275 246
247 1982
1982 247
248 1554
1554 248
251 673
673 251
252 401
401 252
252 1434
1434 252
253 1454
1454 253
253 1685
1685 253
254 1771
1771 254
255 465
465 255
255 558
558 255
255 786
786 255
255 1156
1156 255
256 1089
1089 256
257 792
792 257
257 1321
1321 257
257 1472
1472 257
257 1929
1929 257
258 295
295 258
258 326
326 258
258 564
564 258
258 703
703 258
258 1133
1133 258
258 1988
1988 258
260 574
574 260
260 905
905 260
260 912
912 260
260 1539
1539 260
263 1789
1789 263
264 704
704 264
264 1008
1008 264
264 1540
1540 264
264 1861
1861 264
265 376
376 265
265 892
892 265
265 1197
1197 265
266 464
464 266
266 490
490 266
267 623
623 267
268 354
354 268
269 501
501 269
269 634
634 269
269 1073
1073 269
269 1217
1217 269
269 1375
1375 269
270 289
289 270
270 323
323 270
270 336
336 270
270 342
342 270
270 897
897 270
270 915
915 270
270 1003
1003 270
270 1130
1130 270
270 1399
1399 270
270 1439
1439 270
270 1466
1466 270
270 1594
1594 270
270 1670
1670 270
271 1287
1287 271
273 358
358 273
275 641
641 275
275 762
762 275
275 1661
1661 275
277 446
446 277
277 1010
1010 277
277 1044
1044 277
277 1553
1553 277
278 517
517 278
278 702
702 278
278 1511
1511 278
279 601
601 279
279 1602
1602 279
279 1704
1704 279
281 621
621 281
281 765
765 281
281 1021
1021 281
281 1362
1362 281
281 1376
1376 281
281 1388
1388 281
289 532
532 289
289 584
584 289
289 790
790 289
289 941
941 289
289 1486
1486 289
290 1072
1072 290
290 1607
1607 290
291 1102
1102 291
291 1804
1804 291
292 1482
1482 292
293 797
797 293
293 1075
1075 293
293 1886
1886 293
294 481
481 294
294 1315
1315 294
295 1361
1361 295
297 404
404 297
297 669
669 297
297 1012
1012 297
297 1613
1613 297
300 756
756 300
301 957
957 301
301 1086
1086 301
301 1243
1243 301
304 1076
1076 304
305 316
316 305
305 537
537 305
305 1571
1571 305
305 1840
1840 305
311 577
577 311
314 555
555 314
314 683
683 314
315 619
619 315
315 906
906 315
315 1272
1272 315
316 350
350 316
316 1635
1635 316
318 1144
1144 318
319 1286
1286 319
319 1297
1297 319
320 566
566 320
320 1851
1851 320
321 1270
1270 321
323 413
413 323
324 744
744 324
324 1128
1128 324
327 882
882 327
329 493
493 329
329 690
690 329
329 999
999 329
330 774
774 330
330 848
848 330
330 1398
1398 330
333 409
409 333
334 1729
1729 334
335 1413
1413 335
335 1844
1844 335
338 972
972 338
341 1457
1457 341
342 980
980 342
342 997
997 342
342 1378
1378 342
342 1481
1481 342
343 385
385 343
343 1060
1060 343
344 1053
1053 344
349 419
419 349
349 1136
1136 349
352 443
443 352
352 888
888 352
354 745
745 354
354 1662
1662 354
356 408
408 356
357 1182
1182 357
359 1722
1722 359
361 1759
1759 361
361 1968
1968 361
364 425
425 364
364 480
480 364
364 631
631 364
364 793
793 364
364 899
899 364
364 913
913 364
364 1161
1161 364
364 1535
1535 364
365 845
845 365
366 1425
1425 366
369 482
482 369
370 866
866 370
370 927
927 370
370 1029
1029 370
371 1204
1204 371
371 1282
1282 371
372 387
387 372
372 749
749 372
372 1359
1359 372
373 1256
1256 373
374 1622
1622 374
376 394
394 376
376 1625
1625 376
376 1680
1680 376
376 1735
1735 376
378 1011
1011 378
382 442
442 382
382 560
560 382
382 610
610 382
383 1085
1085 383
383 1177
1177 383
383 1393
1393 383
383 1565
1565 383
383 1978
1978 383
384 800
800 384
384 871
871 384
384 1234
1234 384
384 1305
1305 384
384 1712
1712 384
386 1509
1509 386
388 1397
1397 388
389 809
809 389
389 1037
1037 389
389 1547
1547 389
389 1573
1573 389
389 1601
1601 389
389 1690
1690 389
389 1727
1727 389
389 1740
1740 389
391 1094
1094 391
392 448
448 392
392 505
505 392
392 629
629 392
392 721
721 392
392 965
965 392
392 1392
1392 392
392 1550
1550 392
392 1773
1773 392
393 479
479 393
394 592
592 394
394 952
952 394
394 1311
1311 394
394 1995
1995 394
395 518
518 395
395 1770
1770 395
396 1955
1955 396
397 1592
1592 397
397 1692
1692 397
401 1798
1798 401
404 974
974 404
405 757
757 405
405 1129
1129 405
405 1364
1364 405
413 636
636 413
416 1561
1561 416
418 642
642 418
419 738
738 419
419 1181
1181 419
419 1195
1195 419
419 1503
1503 419
419 1603
1603 419
419 1734
1734 419
419 1838
1838 419
423 611
611 423
423 832
832 423
423 1002
1002 423
423 1109
1109 423
423 1499
1499 423
426 1227
1227 426
426 1416
1416 426
426 1956
1956 426
428 599
599 428
429 984
984 429
429 1407
1407 429
430 1164
1164 430
431 455
455 431
431 1908
1908 431
436 971
971 436
438 1505
1505 438
438 1585
1585 438
441 1165
1165 441
442 569
569 442
442 914
914 442
442 1853
1853 442
444 656
656 444
444 1934
1934 444
445 533
533 445
445 1943
1943 445
449 967
967 449
450 670
670 450
450 922
922 450
450 1972
1972 450
454 1456
1456 454
455 734
734 455
456 591
591 456
457 460
460 457
458 609
609 458
459 562
562 459
459 815
815 459
459 1914
1914 459
460 524
524 460
460 616
616 460
460 1148
1148 460
460 1194
1194 460
461 587
587 461
461 751
751 461
461 883
883 461
461 1108
1108 461
462 527
527 462
463 1556
1556 463
465 753
753 465
465 1448
1448 465
467 1318
1318 467
468 526
526 468
468 1754
1754 468
468 1790
1790 468
470 559
559 470
474 1178
1178 474
474 1276
1276 474
474 1928
1928 474
475 1645
1645 475
480 900
900 480
481 1026
1026 481
482 1018
1018 482
485 539
539 485
485 649
649 485
485 654
654 485
485 923
923 485
485 1063
1063 485
485 1971
1971 485
486 1299
1299 486
487 1064
1064 487
487 1290
1290 487
487 1566
1566 487
487 1902
1902 487
490 1152
1152 490
490 1837
1837 490
493 775
775 493
493 860
860 493
495 1262
1262 495
495 1354
1354 495
496 823
823 496
496 1366
1366 496
497 583
583 497
497 838
838 497
498 612
612 498
498 729
729 498
498 772
772 498
499 626
626 499
499 1024
1024 499
499 1477
1477 499
500 764
764 500
502 1879
1879 502
503 758
758 503
506 547
547 506
506 874
874 506
506 1296
1296 506
506 1970
1970 506
509 529
529 509
509 561
561 509
509 773
773 509
509 926
926 509
509 1452
1452 509
509 1682
1682 509
509 1932
1932 509
510 1783
1783 510
517 820
820 517
517 1501
1501 517
522 818
818 522
522 1260
1260 522
522 1576
1576 522
522 1656
1656 522
522 1910
1910 522
523 652
652 523
523 814
814 523
523 1610
1610 523
529 1202
1202 529
532 1090
1090 532
532 1665
1665 532
533 755
755 533
535 728
728 535
536 1006
1006 536
536 1374
1374 536
540 546
546 540
540 594
594 540
540 784
784 540
540 1070
1070 540
540 1170
1170 540
540 1440
1440 540
540 1572
1572 540
540 1831
1831 540
547 700
700 547
548 732
732 548
548 992
992 548
549 1317
1317 549
549 1619
1619 549
553 590
590 553
553 714
714 553
553 830
830 553
553 930
930 553
553 1078
1078 553
553 1414
1414 553
555 1048
1048 555
558 1238
1238 558
558 1944
1944 558
560 1492
1492 560
562 1067
1067 562
562 1139
1139 562
562 1327
1327 562
563 1027
1027 563
564 1190
1190 564
565 1294
1294 565
565 1385
1385 565
566 664
664 566
566 856
856 566
566 1488
1488 566
566 1575
1575 566
566 1948
1948 566
567 850
850 567
567 878
878 567
568 688
688 568
568 1187
1187 568
569 709
709 569
570 628
628 570
570 1819
1819 570
570 1961
1961 570
571 572
572 571
571 805
805 571
571 1403
1403 571
571 1855
1855 571
573 1017
1017 573
573 1215
1215 573
573 1436
1436 573
575 968
968 575
575 1088
1088 575
578 1775
1775 578
578 1939
1939 578
580 1461
1461 580
581 655
655 581
583 689
689 583
583 1212
1212 583
587 1750
1750 587
588 739
739 588
588 918
918 588
588 1726
1726 588
591 958
958 591
591 1766
1766 591
594 1184
1184 594
597 736
736 597
597 1369
1369 597
599 1588
1588 599
601 711
711 601
601 1356
1356 601
602 750
750 602
603 1372
1372 603
605 979
979 605
608 651
651 608
608 954
954 608
609 1342
1342 609
611 1758
1758 611
611 1959
1959 611
613 682
682 613
613 727
727 613
616 1973
1973 616
617 953
953 617
620 939
939 620
625 1147
1147 625
626 718
718 626
626 1677
1677 626
626 1723
1723 626
626 1739
1739 626
626 1863
1863 626
628 677
677 628
629 806
806 629
629 1858
1858 629
630 1555
1555 630
631 640
640 631
631 1683
1683 631
634 1167
1167 634
635 1435
1435 635
635 1856
1856 635
635 1901
1901 635
642 648
648 642
642 776
776 642
642 799
799 642
642 1093
1093 642
642 1630
1630 642
642 1688
1688 642
646 862
862 646
646 1949
1949 646
647 687
687 647
647 987
987 647
647 1761
1761 647
649 822
822 649
649 986
986 649
650 910
910 650
658 798
798 658
658 1185
1185 658
658 1479
1479 658
662 695
695 662
662 1235
1235 662
664 1560
1560 664
664 1965
1965 664
667 1101
1101 667
669 956
956 669
670 1333
1333 670
670 1755
1755 670
673 730
730 673
674 969
969 674
679 766
766 679
680 1250
1250 680
684 1429
1429 684
686 948
948 686
686 1517
1517 686
686 1719
1719 686
687 1678
1678 687
690 1476
1476 690
692 804
804 692
694 961
961 694
695 1050
1050 695
700 1000
1000 700
700 1079
1079 700
701 725
725 701
701 858
858 701
701 1304
1304 701
701 1338
1338 701
701 1365
1365 701
706 1077
1077 706
706 1614
1614 706
709 917
917 709
713 1261
1261 713
714 1251
1251 714
717 1324
1324 717
719 1220
1220 719
720 869
869 720
721 1850
1850 721
732 1269
1269 732
732 1350
1350 732
736 1205
1205 736
737 1293
1293 737
738 1055
1055 738
740 810
810 740
743 1718
1718 743
747 1105
1105 747
750 1303
1303 750
751 1559
1559 751
752 828
828 752
752 920
920 752
754 1239
1239 754
755 964
964 755
756 1141
1141 756
760 1123
1123 760
760 1920
1920 760
761 1030
1030 761
761 1032
1032 761
761 1097
1097 761
761 1567
1567 761
762 1068
1068 762
762 1172
1172 762
762 1189
1189 762
762 1455
1455 762
762 1728
1728 762
763 781
781 763
763 932
932 763
763 1291
1291 763
763 1617
1617 763
768 852
852 768
768 1824
1824 768
769 1390
1390 769
770 1253
1253 770
773 1940
1940 773
778 1111
1111 778
779 929
929 779
779 947
947 779
779 1569
1569 779
781 1131
1131 781
781 1732
1732 781
782 1794
1794 782
782 1981
1981 782
783 1806
1806 783
787 911
911 787
787 1098
1098 787
787 1120
1120 787
787 1328
1328 787
794 1119
1119 794
796 1784
1784 796
800 857
857 800
801 1014
1014 801
807 1470
1470 807
807 1591
1591 807
808 1707
1707 808
809 1268
1268 809
812 1231
1231 812
817 1597
1597 817
817 1911
1911 817
817 1980
1980 817
818 1001
1001 818
819 995
995 819
820 904
904 820
825 849
849 825
825 1922
1922 825
826 1465
1465 826
829 1760
1760 829
832 1229
1229 832
832 1916
1916 832
833 1583
1583 833
834 1203
1203 834
834 1650
1650 834
834 1654
1654 834
838 1281
1281 838
838 1474
1474 838
843 1524
1524 843
843 1655
1655 843
843 1933
1933 843
845 1878
1878 845
848 988
988 848
848 1353
1353 848
854 944
944 854
854 1420
1420 854
854 1791
1791 854
855 1230
1230 855
864 1846
1846 864
865 1112
1112 865
865 1255
1255 865
867 1132
1132 867
871 1028
1028 871
874 1284
1284 874
881 1384
1384 881
882 983
983 882
882 1380
1380 882
883 1543
1543 883
890 1905
1905 890
896 1401
1401 896
903 1730
1730 903
907 1242
1242 907
907 1347
1347 907
908 1525
1525 908
911 934
934 911
911 1387
1387 911
912 1765
1765 912
913 951
951 913
914 1114
1114 914
915 1322
1322 915
916 1724
1724 916
918 1016
1016 918
926 1604
1604 926
935 1684
1684 935
937 1159
1159 937
945 1337
1337 945
945 1593
1593 945
949 1314
1314 949
952 1199
1199 952
952 1240
1240 952
952 1893
1893 952
956 1222
1222 956
960 1042
1042 960
964 1447
1447 964
964 1551
1551 964
967 1049
1049 967
969 1019
1019 969
969 1330
1330 969
970 1641
1641 970
976 1697
1697 976
979 1796
1796 979
981 1134
1134 981
982 1116
1116 982
983 1423
1423 983
984 1756
1756 984
987 1033
1033 987
989 1221
1221 989
1006 1674
1674 1006
1012 1974
1974 1012
1018 1564
1564 1018
1019 1599
1599 1019
1020 1298
1298 1020
1021 1463
1463 1021
1025 1736
1736 1025
1025 1852
1852 1025
1026 1331
1331 1026
1030 1626
1626 1030
1032 1777
1777 1032
1034 1169
1169 1034
1040 1587
1587 1040
1041 1059
1059 1041
1045 1192
1192 1045
1046 1191
1191 1046
1053 1381
1381 1053
1053 1389
1389 1053
1055 1548
1548 1055
1057 1646
1646 1057
1061 1681
1681 1061
1063 1636
1636 1063
1064 1084
1084 1064
1064 1301
1301 1064
1064 1497
1497 1064
1068 1985
1985 1068
1068 1999
1999 1068
1071 1774
1774 1071
1072 1145
1145 1072
1073 1489
1489 1073
1073 1900
1900 1073
1074 1370
1370 1074
1076 1107
1107 1076
1077 1339
1339 1077
1077 1710
1710 1077
1079 1512
1512 1079
1083 1923
1923 1083
1085 1316
1316 1085
1090 1574
1574 1090
1091 1484
1484 1091
1092 1244
1244 1092
1092 1453
1453 1092
1103 1921
1921 1103
1104 1738
1738 1104
1104 1897
1897 1104
1105 1833
1833 1105
1108 1150
1150 1108
1111 1300
1300 1111
1114 1246
1246 1114
1114 1382
1382 1114
1114 1634
1634 1114
1114 1871
1871 1114
1116 1711
1711 1116
1118 1715
1715 1118
1122 1273
1273 1122
1125 1763
1763 1125
1126 1289
1289 1126
1128 1580
1580 1128
1128 1881
1881 1128
1129 1352
1352 1129
1134 1208
1208 1134
1137 1209
1209 1137
1140 1232
1232 1140
1140 1925
1925 1140
1142 1799
1799 1142
1142 1842
1842 1142
1142 1884
1884 1142
1142 1913
1913 1142
1146 1531
1531 1146
1148 1964
1964 1148
1152 1936
1936 1152
1155 1483
1483 1155
1155 1526
1526 1155
1159 1421
1421 1159
1159 1643
1643 1159
1159 1865
1865 1159
1160 1326
1326 1160
1168 1278
1278 1168
1169 1211
1211 1169
1175 1506
1506 1175
1192 1989
1989 1192
1209 1927
1927 1209
1211 1638
1638 1211
1215 1644
1644 1215
1219 1869
1869 1219
1225 1323
1323 1225
1234 1675
1675 1234
1234 1821
1821 1234
1235 1639
1639 1235
1237 1377
1377 1237
1238 1828
1828 1238
1240 1859
1859 1240
1246 1295
1295 1246
1246 1714
1714 1246
1251 1830
1830 1251
1260 1640
1640 1260
1265 1951
1951 1265
1280 1606
1606 1280
1283 1292
1292 1283
1287 1826
1826 1287
1291 1473
1473 1291
1291 1803
1803 1291
1297 1394
1394 1297
1298 1408
1408 1298
1299 1903
1903 1299
1309 1624
1624 1309
1310 1458
1458 1310
1312 1885
1885 1312
1319 1468
1468 1319
1329 1491
1491 1329
1330 1836
1836 1330
1331 1514
1514 1331
1331 1648
1648 1331
1331 1868
1868 1331
1333 1445
1445 1333
1340 1631
1631 1340
1343 1822
1822 1343
1343 1994
1994 1343
1351 1523
1523 1351
1361 1432
1432 1361
1374 1443
1443 1374
1407 1410
1410 1407
1414 1686
1686 1414
1420 1810
1810 1420
1429 1500
1500 1429
1429 1623
1623 1429
1441 1659
1659 1441
1454 1926
1926 1454
1456 1782
1782 1456
1459 1549
1549 1459
1463 1849
1849 1463
1466 1820
1820 1466
1469 1689
1689 1469
1491 1528
1528 1491
1498 1653
1653 1498
1504 1507
1507 1504
1505 1628
1628 1505
1505 1954
1954 1505
1511 1937
1937 1511
1513 1847
1847 1513
1528 1967
1967 1528
1531 1746
1746 1531
1535 1733
1733 1535
1543 1642
1642 1543
1543 1776
1776 1543
1544 1745
1745 1544
1552 1801
1801 1552
1552 1947
1947 1552
1559 1671
1671 1559
1563 1950
1950 1563
1564 1669
1669 1564
1568 1909
1909 1568
1579 1612
1612 1579
1580 1781
1781 1580
1583 1827
1827 1583
1590 1918
1918 1590
1602 1657
1657 1602
1605 1854
1854 1605
1614 1870
1870 1614
1625 1687
1687 1625
1628 1924
1924 1628
1638 1778
1778 1638
1654 1930
1930 1654
1656 1983
1983 1656
1672 1917
1917 1672
1685 1894
1894 1685
1712 1843
1843 1712
1713 1751
1751 1713
1716 1800
1800 1716
1719 1998
1998 1719
1724 1752
1752 1724
1760 1991
1991 1760
1768 1919
1919 1768
1803 1823
1823 1803
1803 1834
1834 1803
1804 1975
1975 1804
1890 1966
1966 1890
1900 1915
1915 1900
1948 1993
1993 1948
