2000 8000
0 1999
1999 0
0 2
2 0
0 1998
1998 0
0 743
743 0
0 1167
1167 0
1 2
2 1
1 1999
1999 1
1 1473
1473 1
1 1652
1652 1
2 3
3 2
2 456
456 2
3 4
4 3
3 5
5 3
4 5
5 4
4 6
6 4
5 1268
1268 5
5 442
442 5
5 43
43 5
6 7
7 6
6 8
8 6
7 9
9 7
7 1931
1931 7
8 9
9 8
8 10
10 8
9 10
10 9
9 1627
1627 9
9 786
786 9
9 1152
1152 9
10 11
11 10
10 1218
1218 10
10 370
370 10
11 13
13 11
11 1191
1191 11
12 13
13 12
12 14
14 12
13 14
14 13
13 15
15 13
13 1618
1618 13
14 15
15 14
14 16
16 14
14 1136
1136 14
14 1836
1836 14
15 16
16 15
15 17
17 15
15 58
58 15
16 17
17 16
16 18
18 16
16 751
751 16
16 1393
1393 16
17 18
18 17
17 19
19 17
18 19
19 18
18 436
436 18
19 20
20 19
19 21
21 19
20 21
21 20
20 973
973 20
21 23
23 21
21 1151
1151 21
22 24
24 22
22 969
969 22
23 24
24 23
23 349
349 23
24 25
25 24
24 26
26 24
25 26
26 25
25 987
987 25
26 27
27 26
26 28
28 26
27 28
28 27
27 29
29 27
27 1770
1770 27
28 30
30 28
28 48
48 28
29 30
30 29
29 31
31 29
30 31
31 30
30 32
32 30
31 33
33 31
31 72
72 31
32 34
34 32
32 37
37 32
33 34
34 33
33 35
35 33
34 36
36 34
34 266
266 34
35 36
36 35
35 37
37 35
36 37
37 36
36 38
38 36
37 38
38 37
37 1005
1005 37
38 39
39 38
38 40
40 38
39 40
40 39
39 41
41 39
40 41
41 40
40 42
42 40
41 42
42 41
41 43
43 41
42 43
43 42
42 44
44 42
43 44
44 43
44 45
45 44
44 46
46 44
45 46
46 45
45 47
47 45
46 47
47 46
46 48
48 46
47 48
48 47
47 49
49 47
47 289
289 47
48 1097
1097 48
48 1207
1207 48
49 50
50 49
49 51
51 49
50 51
51 50
50 1628
1628 50
51 52
52 51
51 53
53 51
51 535
535 51
52 53
53 52
52 54
54 52
53 54
54 53
53 55
55 53
54 56
56 54
54 356
356 54
54 700
700 54
55 56
56 55
55 57
57 55
56 58
58 56
56 396
396 56
56 413
413 56
57 59
59 57
57 1304
1304 57
58 281
281 58
59 60
60 59
59 61
61 59
59 1130
1130 59
60 61
61 60
60 62
62 60
61 62
62 61
61 63
63 61
62 63
63 62
62 64
64 62
62 1598
1598 62
63 64
64 63
63 65
65 63
63 1862
1862 63
64 65
65 64
64 66
66 64
64 142
142 64
65 66
66 65
65 67
67 65
65 944
944 65
66 67
67 66
66 518
518 66
67 68
68 67
67 69
69 67
68 69
69 68
68 70
70 68
68 1262
1262 68
69 70
70 69
69 71
71 69
70 71
71 70
70 98
98 70
71 72
72 71
71 73
73 71
72 73
73 72
72 74
74 72
72 933
933 72
73 74
74 73
73 75
75 73
74 75
75 74
74 76
76 74
74 746
746 74
75 76
76 75
75 1629
1629 75
76 78
78 76
76 860
860 76
76 1951
1951 76
77 78
78 77
77 79
79 77
77 1762
1762 77
78 79
79 78
78 80
80 78
78 248
248 78
79 80
80 79
79 1643
1643 79
80 81
81 80
80 82
82 80
81 82
82 81
81 83
83 81
81 250
250 81
81 269
269 81
82 83
83 82
82 1220
1220 82
83 85
85 83
83 281
281 83
84 85
85 84
84 86
86 84
85 86
86 85
85 87
87 85
86 87
87 86
86 88
88 86
87 89
89 87
87 642
642 87
88 89
89 88
88 90
90 88
88 1046
1046 88
88 1981
1981 88
89 90
90 89
89 91
91 89
90 91
91 90
90 92
92 90
91 92
92 91
91 93
93 91
91 1878
1878 91
92 93
93 92
92 94
94 92
92 1036
1036 92
93 94
94 93
93 95
95 93
94 95
95 94
94 96
96 94
94 1640
1640 94
95 96
96 95
95 1673
1673 95
96 97
97 96
96 98
98 96
96 254
254 96
96 356
356 96
97 98
98 97
97 99
99 97
98 99
99 98
98 100
100 98
99 100
100 99
99 101
101 99
99 552
552 99
100 101
101 100
100 102
102 100
101 1412
1412 101
101 1280
1280 101
102 104
104 102
102 876
876 102
103 104
104 103
103 907
907 103
103 1614
1614 103
104 105
105 104
104 106
106 104
105 107
107 105
105 873
873 105
106 107
107 106
106 1850
1850 106
107 109
109 107
107 1497
1497 107
107 1038
1038 107
108 109
109 108
108 110
110 108
108 1369
1369 108
108 1511
1511 108
109 110
110 109
109 111
111 109
110 111
111 110
110 112
112 110
111 113
113 111
111 1296
1296 111
112 113
113 112
112 114
114 112
113 114
114 113
113 115
115 113
114 115
115 114
114 1448
1448 114
115 116
116 115
115 117
117 115
115 427
427 115
116 117
117 116
116 118
118 116
117 118
118 117
117 119
119 117
118 120
120 118
118 1076
1076 118
118 712
712 118
119 120
120 119
119 263
263 119
120 121
121 120
120 122
122 120
121 122
122 121
121 1883
1883 121
122 123
123 122
122 124
124 122
123 125
125 123
123 1821
1821 123
123 1208
1208 123
124 125
125 124
124 126
126 124
125 126
126 125
125 127
127 125
125 1758
1758 125
126 128
128 126
126 843
843 126
127 128
128 127
127 129
129 127
128 986
986 128
128 1778
1778 128
129 130
130 129
129 131
131 129
129 1381
1381 129
130 131
131 130
130 980
980 130
130 299
299 130
131 132
132 131
131 133
133 131
131 1950
1950 131
132 134
134 132
132 1254
1254 132
133 135
135 133
133 911
911 133
134 135
135 134
134 136
136 134
135 136
136 135
135 137
137 135
135 466
466 135
136 138
138 136
136 1662
1662 136
137 138
138 137
137 1816
1816 137
138 139
139 138
138 140
140 138
139 140
140 139
139 1472
1472 139
140 141
141 140
140 142
142 140
140 1937
1937 140
141 142
142 141
141 143
143 141
142 143
143 142
143 1463
1463 143
143 463
463 143
144 145
145 144
144 146
146 144
145 146
146 145
145 147
147 145
145 216
216 145
146 147
147 146
146 148
148 146
147 148
148 147
147 1355
1355 147
148 149
149 148
148 150
150 148
149 150
150 149
149 151
151 149
150 379
379 150
150 1343
1343 150
151 152
152 151
151 153
153 151
152 153
153 152
152 154
154 152
153 154
154 153
153 155
155 153
154 155
155 154
154 156
156 154
154 717
717 154
155 156
156 155
155 157
157 155
156 157
157 156
156 158
158 156
157 158
158 157
157 159
159 157
158 160
160 158
158 1514
1514 158
159 160
160 159
159 161
161 159
160 161
161 160
160 223
223 160
160 336
336 160
161 162
162 161
161 163
163 161
162 163
163 162
162 164
164 162
163 164
164 163
163 165
165 163
163 724
724 163
164 165
165 164
164 909
909 164
165 166
166 165
165 216
216 165
166 167
167 166
166 168
168 166
166 462
462 166
167 168
168 167
167 169
169 167
167 225
225 167
168 169
169 168
168 170
170 168
169 170
170 169
169 171
171 169
170 171
171 170
170 1473
1473 170
171 172
172 171
171 173
173 171
171 1611
1611 171
172 173
173 172
172 174
174 172
173 174
174 173
173 175
175 173
173 1347
1347 173
174 175
175 174
174 176
176 174
174 1605
1605 174
175 747
747 175
175 1758
1758 175
176 177
177 176
176 1082
1082 176
177 179
179 177
177 635
635 177
178 179
179 178
178 180
180 178
179 180
180 179
179 181
181 179
179 569
569 179
180 181
181 180
180 182
182 180
180 713
713 180
181 182
182 181
181 183
183 181
181 198
198 181
182 183
183 182
182 184
184 182
183 184
184 183
183 1052
1052 183
184 186
186 184
184 1434
1434 184
185 186
186 185
185 187
187 185
186 187
187 186
186 188
188 186
186 1735
1735 186
187 188
188 187
187 404
404 187
188 190
190 188
188 373
373 188
189 190
190 189
189 191
191 189
190 191
191 190
190 192
192 190
191 192
192 191
191 193
193 191
192 193
193 192
192 194
194 192
192 264
264 192
193 194
194 193
193 195
195 193
193 1524
1524 193
194 196
196 194
194 1938
1938 194
195 196
196 195
195 197
197 195
196 198
198 196
196 243
243 196
197 198
198 197
197 199
199 197
197 667
667 197
198 387
387 198
199 201
201 199
199 253
253 199
200 201
201 200
200 202
202 200
201 202
202 201
201 829
829 201
202 203
203 202
202 1285
1285 202
203 204
204 203
203 1730
1730 203
204 205
205 204
204 1036
1036 204
205 206
206 205
205 207
207 205
206 207
207 206
206 1411
1411 206
207 208
208 207
207 209
209 207
207 986
986 207
208 210
210 208
208 500
500 208
208 1068
1068 208
209 210
210 209
209 211
211 209
210 211
211 210
210 212
212 210
211 212
212 211
211 213
213 211
212 213
213 212
212 214
214 212
213 214
214 213
213 215
215 213
214 215
215 214
214 216
216 214
215 216
216 215
215 217
217 215
216 1074
1074 216
217 218
218 217
217 219
219 217
217 1213
1213 217
218 219
219 218
218 220
220 218
219 220
220 219
219 1825
1825 219
220 221
221 220
220 222
222 220
221 222
222 221
221 223
223 221
222 223
223 222
222 224
224 222
222 1051
1051 222
223 224
224 223
223 225
225 223
224 226
226 224
224 1703
1703 224
225 226
226 225
226 227
227 226
226 228
228 226
226 1557
1557 226
226 1700
1700 226
227 228
228 227
227 229
229 227
228 229
229 228
228 230
230 228
229 230
230 229
229 231
231 229
230 231
231 230
230 232
232 230
231 232
232 231
231 233
233 231
231 614
614 231
232 233
233 232
232 658
658 232
232 575
575 232
232 1404
1404 232
233 234
234 233
233 1499
1499 233
234 235
235 234
234 236
236 234
235 237
237 235
235 1479
1479 235
236 237
237 236
236 238
238 236
236 1657
1657 236
237 238
238 237
237 239
239 237
238 239
239 238
238 240
240 238
239 240
240 239
239 1818
1818 239
239 354
354 239
240 241
241 240
240 242
242 240
241 243
243 241
241 710
710 241
242 243
243 242
242 349
349 242
242 1287
1287 242
243 244
244 243
243 245
245 243
244 245
245 244
244 246
246 244
245 246
246 245
245 247
247 245
246 247
247 246
246 248
248 246
247 248
248 247
247 249
249 247
247 935
935 247
248 250
250 248
249 250
250 249
249 251
251 249
250 252
252 250
250 1568
1568 250
250 1282
1282 250
251 252
252 251
251 253
253 251
251 1275
1275 251
252 254
254 252
252 786
786 252
252 852
852 252
253 254
254 253
253 255
255 253
253 1698
1698 253
254 256
256 254
255 256
256 255
255 257
257 255
255 1831
1831 255
256 257
257 256
256 1484
1484 256
257 258
258 257
257 259
259 257
258 259
259 258
258 260
260 258
258 924
924 258
259 260
260 259
259 401
401 259
259 430
430 259
260 261
261 260
260 262
262 260
260 621
621 260
261 1272
1272 261
261 1154
1154 261
261 1286
1286 261
262 264
264 262
262 1767
1767 262
263 264
264 263
263 265
265 263
264 266
266 264
264 1416
1416 264
265 804
804 265
265 779
779 265
266 267
267 266
266 268
268 266
266 994
994 266
267 269
269 267
267 710
710 267
267 1152
1152 267
268 269
269 268
268 1015
1015 268
269 270
270 269
270 272
272 270
270 1705
1705 270
271 272
272 271
271 273
273 271
272 273
273 272
272 274
274 272
272 603
603 272
273 275
275 273
273 1679
1679 273
273 473
473 273
274 940
940 274
274 1823
1823 274
275 276
276 275
275 277
277 275
275 330
330 275
276 277
277 276
276 278
278 276
276 738
738 276
277 278
278 277
277 279
279 277
278 279
279 278
278 280
280 278
279 280
280 279
279 281
281 279
280 281
281 280
280 282
282 280
280 494
494 280
281 282
282 281
281 283
283 281
282 283
283 282
282 284
284 282
282 538
538 282
282 848
848 282
283 284
284 283
283 324
324 283
284 285
285 284
284 286
286 284
285 286
286 285
285 287
287 285
286 287
287 286
286 288
288 286
287 288
288 287
287 289
289 287
288 289
289 288
288 290
290 288
288 1225
1225 288
289 290
290 289
290 291
291 290
290 292
292 290
291 293
293 291
291 1999
1999 291
292 293
293 292
292 294
294 292
292 1604
1604 292
293 294
294 293
293 295
295 293
294 295
295 294
294 296
296 294
295 296
296 295
295 538
538 295
296 297
297 296
296 298
298 296
296 651
651 296
297 375
375 297
297 1581
1581 297
298 299
299 298
298 1953
1953 298
299 300
300 299
299 1022
1022 299
299 1070
1070 299
300 301
301 300
300 1022
1022 300
301 302
302 301
301 1764
1764 301
302 303
303 302
302 304
304 302
303 304
304 303
303 437
437 303
304 305
305 304
304 306
306 304
305 1840
1840 305
305 1849
1849 305
306 307
307 306
306 308
308 306
307 308
308 307
307 309
309 307
307 393
393 307
308 309
309 308
308 310
310 308
309 310
310 309
309 311
311 309
310 311
311 310
310 312
312 310
311 312
312 311
311 313
313 311
311 1846
1846 311
312 313
313 312
312 1990
1990 312
312 1924
1924 312
313 314
314 313
313 315
315 313
314 315
315 314
314 1985
1985 314
314 1672
1672 314
315 316
316 315
315 1388
1388 315
315 335
335 315
316 317
317 316
316 498
498 316
316 366
366 316
317 318
318 317
317 649
649 317
317 1236
1236 317
318 320
320 318
318 1576
1576 318
318 883
883 318
319 321
321 319
319 1460
1460 319
320 321
321 320
320 791
791 320
320 1807
1807 320
321 322
322 321
321 474
474 321
321 1053
1053 321
321 1165
1165 321
322 323
323 322
322 757
757 322
323 324
324 323
323 325
325 323
324 325
325 324
324 326
326 324
324 701
701 324
325 327
327 325
325 1061
1061 325
326 327
327 326
326 328
328 326
327 328
328 327
327 329
329 327
327 894
894 327
328 330
330 328
328 441
441 328
329 330
330 329
329 331
331 329
329 1088
1088 329
330 331
331 330
331 332
332 331
331 333
333 331
332 333
333 332
332 334
334 332
333 334
334 333
333 335
335 333
334 335
335 334
334 336
336 334
335 337
337 335
335 1385
1385 335
335 650
650 335
336 337
337 336
337 338
338 337
337 1940
1940 337
338 339
339 338
338 340
340 338
339 340
340 339
339 557
557 339
340 341
341 340
340 342
342 340
341 342
342 341
341 343
343 341
341 880
880 341
341 1227
1227 341
342 343
343 342
342 344
344 342
342 1938
1938 342
343 344
344 343
343 345
345 343
344 345
345 344
344 346
346 344
345 346
346 345
345 347
347 345
346 347
347 346
346 348
348 346
346 745
745 346
346 1256
1256 346
347 348
348 347
347 1525
1525 347
347 528
528 347
348 350
350 348
348 481
481 348
349 351
351 349
350 351
351 350
350 352
352 350
350 1597
1597 350
351 352
352 351
351 353
353 351
351 1839
1839 351
352 353
353 352
352 354
354 352
352 1425
1425 352
353 354
354 353
353 355
355 353
354 355
355 354
354 356
356 354
355 356
356 355
355 357
357 355
356 358
358 356
357 358
358 357
357 359
359 357
358 359
359 358
358 360
360 358
358 820
820 358
359 360
360 359
359 361
361 359
360 361
361 360
360 362
362 360
360 1694
1694 360
361 363
363 361
361 1283
1283 361
361 1272
1272 361
362 364
364 362
362 595
595 362
363 364
364 363
363 365
365 363
363 1553
1553 363
364 365
365 364
364 366
366 364
364 1464
1464 364
365 366
366 365
365 367
367 365
366 882
882 366
367 369
369 367
367 1146
1146 367
368 369
369 368
368 370
370 368
369 371
371 369
369 1210
1210 369
370 371
371 370
370 372
372 370
370 1697
1697 370
371 372
372 371
371 373
373 371
372 373
373 372
372 374
374 372
373 374
374 373
373 375
375 373
374 376
376 374
374 578
578 374
375 376
376 375
375 377
377 375
376 377
377 376
376 1726
1726 376
377 378
378 377
377 379
379 377
378 379
379 378
378 380
380 378
379 380
380 379
379 381
381 379
379 707
707 379
380 382
382 380
380 1482
1482 380
381 382
382 381
381 383
383 381
382 383
383 382
382 384
384 382
383 385
385 383
383 1067
1067 383
384 385
385 384
384 1931
1931 384
385 387
387 385
385 1967
1967 385
385 1368
1368 385
386 387
387 386
386 388
388 386
387 388
388 387
387 389
389 387
388 389
389 388
388 390
390 388
389 390
390 389
389 1256
1256 389
390 391
391 390
390 392
392 390
390 927
927 390
391 393
393 391
391 1612
1612 391
391 1801
1801 391
392 393
393 392
392 394
394 392
393 395
395 393
394 395
395 394
394 396
396 394
395 396
396 395
395 397
397 395
396 397
397 396
396 398
398 396
397 398
398 397
397 399
399 397
398 399
399 398
398 400
400 398
398 1456
1456 398
399 400
400 399
399 1393
1393 399
400 401
401 400
400 402
402 400
401 403
403 401
402 403
403 402
402 404
404 402
403 405
405 403
403 1687
1687 403
404 406
406 404
404 1946
1946 404
405 406
406 405
405 407
407 405
405 547
547 405
406 407
407 406
406 408
408 406
407 408
408 407
407 1607
1607 407
408 409
409 408
408 815
815 408
409 410
410 409
409 834
834 409
409 1285
1285 409
409 1081
1081 409
410 411
411 410
410 412
412 410
411 412
412 411
411 413
413 411
412 413
413 412
412 414
414 412
413 414
414 413
414 415
415 414
414 416
416 414
415 417
417 415
415 560
560 415
415 679
679 415
416 417
417 416
416 418
418 416
417 418
418 417
417 419
419 417
418 419
419 418
418 1979
1979 418
419 421
421 419
419 715
715 419
420 421
421 420
420 422
422 420
421 422
422 421
421 423
423 421
422 423
423 422
422 424
424 422
423 425
425 423
423 859
859 423
424 425
425 424
424 426
426 424
424 764
764 424
425 426
426 425
425 427
427 425
426 427
427 426
426 1998
1998 426
427 428
428 427
428 429
429 428
428 430
430 428
429 430
430 429
429 431
431 429
430 431
431 430
430 432
432 430
431 432
432 431
431 433
433 431
432 433
433 432
432 434
434 432
433 434
434 433
433 475
475 433
434 435
435 434
434 436
436 434
434 1284
1284 434
435 436
436 435
435 437
437 435
436 437
437 436
436 438
438 436
437 438
438 437
437 439
439 437
438 440
440 438
438 1129
1129 438
439 440
440 439
439 441
441 439
440 442
442 440
440 1908
1908 440
441 442
442 441
441 443
443 441
442 443
443 442
442 444
444 442
443 445
445 443
443 942
942 443
444 445
445 444
444 446
446 444
445 446
446 445
445 447
447 445
446 448
448 446
446 806
806 446
447 448
448 447
447 449
449 447
448 450
450 448
448 1932
1932 448
449 451
451 449
449 1984
1984 449
450 451
451 450
450 452
452 450
450 1992
1992 450
451 452
452 451
451 453
453 451
452 454
454 452
452 1425
1425 452
453 454
454 453
453 789
789 453
454 455
455 454
454 456
456 454
455 456
456 455
455 457
457 455
456 457
457 456
456 458
458 456
457 458
458 457
457 459
459 457
457 1627
1627 457
458 459
459 458
458 460
460 458
458 901
901 458
458 1263
1263 458
459 460
460 459
459 461
461 459
460 461
461 460
460 462
462 460
461 462
462 461
461 463
463 461
462 685
685 462
463 465
465 463
463 1021
1021 463
464 465
465 464
464 466
466 464
464 726
726 464
465 466
466 465
465 467
467 465
466 599
599 466
467 468
468 467
467 469
469 467
468 469
469 468
468 470
470 468
469 470
470 469
469 682
682 469
470 1559
1559 470
470 1433
1433 470
470 610
610 470
471 472
472 471
471 1053
1053 471
472 474
474 472
472 1382
1382 472
473 474
474 473
474 475
475 474
474 1394
1394 474
475 476
476 475
475 477
477 475
475 1300
1300 475
476 478
478 476
476 540
540 476
476 536
536 476
476 1020
1020 476
477 478
478 477
477 479
479 477
478 479
479 478
478 480
480 478
479 480
480 479
479 481
481 479
480 482
482 480
480 1082
1082 480
480 1523
1523 480
481 482
482 481
481 483
483 481
482 483
483 482
482 484
484 482
483 1762
1762 483
483 1188
1188 483
484 486
486 484
484 1341
1341 484
485 486
486 485
485 1971
1971 485
486 487
487 486
486 488
488 486
487 488
488 487
487 489
489 487
488 489
489 488
488 490
490 488
489 490
490 489
489 491
491 489
490 491
491 490
490 492
492 490
491 492
492 491
491 493
493 491
491 1373
1373 491
492 493
493 492
492 1494
1494 492
493 494
494 493
493 495
495 493
494 1737
1737 494
495 496
496 495
495 497
497 495
496 497
497 496
496 498
498 496
497 498
498 497
497 1755
1755 497
497 539
539 497
497 1535
1535 497
497 1612
1612 497
497 1763
1763 497
498 499
499 498
498 500
500 498
498 631
631 498
498 1087
1087 498
499 500
500 499
499 501
501 499
499 1189
1189 499
499 1818
1818 499
500 502
502 500
500 1092
1092 500
501 502
502 501
501 503
503 501
502 503
503 502
502 504
504 502
502 1834
1834 502
503 504
504 503
503 955
955 503
503 1279
1279 503
504 506
506 504
504 1849
1849 504
504 1759
1759 504
505 507
507 505
505 1927
1927 505
506 507
507 506
506 508
508 506
506 1255
1255 506
506 1872
1872 506
507 508
508 507
507 509
509 507
507 1356
1356 507
508 509
509 508
508 510
510 508
509 511
511 509
509 1206
1206 509
509 726
726 509
510 511
511 510
510 512
512 510
511 512
512 511
511 513
513 511
512 513
513 512
512 514
514 512
512 1183
1183 512
512 1478
1478 512
513 514
514 513
513 515
515 513
514 1395
1395 514
514 1281
1281 514
515 516
516 515
515 517
517 515
515 924
924 515
516 517
517 516
516 518
518 516
517 518
518 517
517 519
519 517
517 580
580 517
518 519
519 518
518 1935
1935 518
519 520
520 519
519 968
968 519
519 841
841 519
519 1008
1008 519
520 521
521 520
520 522
522 520
521 522
522 521
521 523
523 521
521 1153
1153 521
522 524
524 522
522 788
788 522
523 524
524 523
523 525
525 523
524 525
525 524
524 526
526 524
524 1267
1267 524
525 526
526 525
525 627
627 525
526 527
527 526
526 528
528 526
526 576
576 526
526 625
625 526
527 528
528 527
527 529
529 527
528 529
529 528
528 530
530 528
529 531
531 529
529 1372
1372 529
530 532
532 530
530 1378
1378 530
531 532
532 531
531 533
533 531
531 790
790 531
532 533
533 532
532 534
534 532
533 534
534 533
533 535
535 533
534 535
535 534
534 536
536 534
535 536
536 535
536 538
538 536
536 893
893 536
537 538
538 537
537 539
539 537
538 750
750 538
539 541
541 539
539 1418
1418 539
540 541
541 540
540 542
542 540
541 542
542 541
541 543
543 541
542 543
543 542
542 544
544 542
542 1518
1518 542
543 544
544 543
543 545
545 543
544 546
546 544
544 1542
1542 544
545 546
546 545
545 547
547 545
546 547
547 546
546 548
548 546
546 1038
1038 546
547 549
549 547
548 549
549 548
548 973
973 548
548 1310
1310 548
549 550
550 549
549 551
551 549
550 551
551 550
550 1492
1492 550
551 552
552 551
551 1598
1598 551
552 1444
1444 552
553 554
554 553
553 555
555 553
554 555
555 554
554 556
556 554
554 1859
1859 554
555 556
556 555
555 557
557 555
556 557
557 556
556 558
558 556
556 1140
1140 556
557 558
558 557
557 559
559 557
557 1977
1977 557
558 1495
1495 558
558 1595
1595 558
559 560
560 559
559 561
561 559
559 1794
1794 559
560 561
561 560
560 562
562 560
560 1989
1989 560
561 562
562 561
561 563
563 561
562 563
563 562
562 564
564 562
563 564
564 563
563 565
565 563
564 566
566 564
564 1946
1946 564
565 567
567 565
565 811
811 565
566 567
567 566
566 568
568 566
567 568
568 567
567 569
569 567
568 569
569 568
568 1166
1166 568
569 570
570 569
570 571
571 570
570 572
572 570
571 572
572 571
571 573
573 571
572 573
573 572
572 574
574 572
572 1593
1593 572
573 574
574 573
573 575
575 573
574 575
575 574
574 576
576 574
575 576
576 575
575 1973
1973 575
576 577
577 576
577 578
578 577
577 579
579 577
577 1668
1668 577
578 579
579 578
578 982
982 578
579 580
580 579
579 581
581 579
580 581
581 580
581 582
582 581
581 583
583 581
582 584
584 582
582 622
622 582
583 585
585 583
583 1723
1723 583
583 893
893 583
583 1699
1699 583
584 585
585 584
584 586
586 584
585 586
586 585
585 587
587 585
585 1370
1370 585
586 587
587 586
586 588
588 586
587 588
588 587
587 589
589 587
588 590
590 588
588 685
685 588
588 1450
1450 588
589 590
590 589
589 591
591 589
590 592
592 590
590 1288
1288 590
591 592
592 591
591 593
593 591
592 593
593 592
592 1890
1890 592
593 594
594 593
593 595
595 593
594 595
595 594
594 596
596 594
595 596
596 595
595 597
597 595
596 598
598 596
596 1060
1060 596
597 599
599 597
597 1806
1806 597
598 599
599 598
598 600
600 598
599 600
600 599
599 601
601 599
600 601
601 600
600 602
602 600
601 602
602 601
601 603
603 601
601 1027
1027 601
601 1074
1074 601
602 603
603 602
602 604
604 602
603 604
604 603
604 606
606 604
604 1570
1570 604
605 606
606 605
605 607
607 605
605 802
802 605
606 607
607 606
606 784
784 606
607 608
608 607
607 609
609 607
608 609
609 608
608 610
610 608
609 611
611 609
609 941
941 609
610 611
611 610
610 612
612 610
610 860
860 610
611 612
612 611
611 1149
1149 611
611 1563
1563 611
611 1938
1938 611
612 613
613 612
612 1213
1213 612
613 614
614 613
613 1072
1072 613
613 1148
1148 613
614 615
615 614
615 616
616 615
615 1728
1728 615
616 617
617 616
616 618
618 616
617 619
619 617
617 1965
1965 617
618 619
619 618
618 620
620 618
619 620
620 619
619 621
621 619
620 621
621 620
620 622
622 620
621 623
623 621
622 623
623 622
622 1225
1225 622
623 624
624 623
623 625
625 623
624 625
625 624
624 626
626 624
624 1007
1007 624
625 1276
1276 625
626 627
627 626
626 628
628 626
627 628
628 627
627 629
629 627
627 699
699 627
628 630
630 628
628 1847
1847 628
629 630
630 629
629 631
631 629
630 632
632 630
630 1769
1769 630
631 633
633 631
632 633
633 632
632 634
634 632
633 634
634 633
633 635
635 633
633 1142
1142 633
634 635
635 634
634 636
636 634
634 1826
1826 634
635 636
636 635
635 637
637 635
636 637
637 636
636 638
638 636
637 639
639 637
637 1672
1672 637
638 640
640 638
638 1540
1540 638
639 640
640 639
639 641
641 639
640 641
641 640
640 642
642 640
641 642
642 641
641 643
643 641
641 1774
1774 641
642 643
643 642
642 644
644 642
643 645
645 643
643 893
893 643
644 645
645 644
644 1966
1966 644
645 646
646 645
645 647
647 645
646 647
647 646
646 648
648 646
647 648
648 647
647 649
649 647
648 649
649 648
648 650
650 648
649 651
651 649
650 652
652 650
650 1199
1199 650
651 1558
1558 651
652 653
653 652
652 654
654 652
652 1954
1954 652
653 654
654 653
653 1042
1042 653
654 656
656 654
654 1212
1212 654
655 656
656 655
655 657
657 655
656 657
657 656
656 658
658 656
657 658
658 657
657 1912
1912 657
658 660
660 658
659 661
661 659
659 1715
1715 659
660 661
661 660
660 1321
1321 660
661 662
662 661
661 1290
1290 661
662 663
663 662
662 664
664 662
663 664
664 663
663 665
665 663
663 1097
1097 663
664 665
665 664
664 666
666 664
664 723
723 664
664 840
840 664
665 666
666 665
665 1846
1846 665
666 667
667 666
666 668
668 666
666 1355
1355 666
667 669
669 667
668 670
670 668
668 1592
1592 668
669 670
670 669
669 671
671 669
670 671
671 670
670 672
672 670
671 672
672 671
671 673
673 671
672 673
673 672
672 674
674 672
672 1229
1229 672
673 674
674 673
673 675
675 673
674 675
675 674
674 676
676 674
675 676
676 675
675 677
677 675
675 1718
1718 675
675 842
842 675
676 677
677 676
676 1740
1740 676
677 678
678 677
677 679
679 677
678 679
679 678
678 680
680 678
679 680
680 679
680 681
681 680
680 682
682 680
681 682
682 681
681 683
683 681
682 683
683 682
682 1493
1493 682
683 684
684 683
683 685
685 683
684 685
685 684
684 686
686 684
685 686
686 685
685 1832
1832 685
686 687
687 686
686 688
688 686
687 689
689 687
687 1470
1470 687
688 689
689 688
688 690
690 688
689 690
690 689
689 691
691 689
690 691
691 690
690 692
692 690
691 692
692 691
691 693
693 691
691 1495
1495 691
692 693
693 692
692 694
694 692
693 694
694 693
693 695
695 693
694 695
695 694
694 696
696 694
695 696
696 695
695 697
697 695
696 697
697 696
696 698
698 696
697 698
698 697
697 699
699 697
698 699
699 698
698 700
700 698
699 700
700 699
700 701
701 700
700 892
892 700
701 703
703 701
702 703
703 702
702 704
704 702
703 704
704 703
703 705
705 703
703 1239
1239 703
704 705
705 704
704 706
706 704
705 706
706 705
705 707
707 705
706 707
707 706
706 708
708 706
707 708
708 707
708 710
710 708
708 1865
1865 708
709 710
710 709
709 1312
1312 709
709 1436
1436 709
710 711
711 710
710 712
712 710
710 1648
1648 710
711 712
712 711
711 713
713 711
711 1534
1534 711
711 1732
1732 711
712 713
713 712
712 1408
1408 712
713 715
715 713
714 716
716 714
714 1676
1676 714
715 716
716 715
715 1564
1564 715
716 717
717 716
716 718
718 716
717 718
718 717
718 719
719 718
718 720
720 718
719 720
720 719
719 721
721 719
720 721
721 720
720 722
722 720
721 722
722 721
721 723
723 721
722 723
723 722
722 724
724 722
723 724
724 723
724 725
725 724
725 726
726 725
725 727
727 725
727 728
728 727
727 729
729 727
728 729
729 728
728 730
730 728
729 730
730 729
729 731
731 729
730 731
731 730
730 732
732 730
731 732
732 731
731 733
733 731
731 1877
1877 731
732 733
733 732
732 734
734 732
733 734
734 733
733 735
735 733
734 735
735 734
734 913
913 734
735 736
736 735
735 737
737 735
736 738
738 736
736 1914
1914 736
736 1013
1013 736
737 738
738 737
737 739
739 737
738 740
740 738
739 741
741 739
739 1051
1051 739
740 741
741 740
740 742
742 740
740 1461
1461 740
740 1507
1507 740
741 742
742 741
741 743
743 741
742 743
743 742
742 744
744 742
742 1317
1317 742
743 744
744 743
743 745
745 743
744 745
745 744
744 746
746 744
745 1041
1041 745
746 748
748 746
747 748
748 747
747 749
749 747
748 749
749 748
748 750
750 748
748 1797
1797 748
749 750
750 749
749 751
751 749
750 751
751 750
750 752
752 750
751 753
753 751
751 1284
1284 751
752 753
753 752
752 754
754 752
753 754
754 753
753 755
755 753
754 1583
1583 754
754 906
906 754
755 756
756 755
755 757
757 755
756 757
757 756
756 758
758 756
756 1030
1030 756
757 758
758 757
757 759
759 757
757 1065
1065 757
758 759
759 758
758 760
760 758
759 760
760 759
759 761
761 759
760 762
762 760
760 770
770 760
761 762
762 761
761 763
763 761
762 763
763 762
762 764
764 762
763 764
764 763
763 765
765 763
764 766
766 764
764 963
963 764
765 766
766 765
765 767
767 765
765 1355
1355 765
766 767
767 766
766 768
768 766
767 768
768 767
767 769
769 767
768 769
769 768
768 770
770 768
769 770
770 769
769 771
771 769
770 771
771 770
770 772
772 770
771 772
772 771
771 773
773 771
772 773
773 772
772 774
774 772
772 1905
1905 772
773 774
774 773
773 775
775 773
774 775
775 774
774 776
776 774
775 776
776 775
775 1088
1088 775
776 777
777 776
776 884
884 776
776 1185
1185 776
777 778
778 777
777 779
779 777
777 1948
1948 777
778 779
779 778
778 780
780 778
779 780
780 779
779 781
781 779
780 781
781 780
780 782
782 780
781 782
782 781
781 783
783 781
781 1098
1098 781
782 783
783 782
782 784
784 782
783 784
784 783
783 785
785 783
784 785
785 784
784 786
786 784
785 786
786 785
785 787
787 785
785 827
827 785
786 787
787 786
787 788
788 787
787 789
789 787
787 1256
1256 787
788 789
789 788
788 790
790 788
789 790
790 789
789 791
791 789
790 792
792 790
791 792
792 791
791 793
793 791
792 793
793 792
792 1072
1072 792
793 794
794 793
793 795
795 793
793 1171
1171 793
794 795
795 794
794 796
796 794
795 796
796 795
795 797
797 795
795 1249
1249 795
796 797
797 796
796 798
798 796
797 798
798 797
797 799
799 797
798 799
799 798
798 800
800 798
798 1692
1692 798
799 800
800 799
799 801
801 799
800 801
801 800
800 802
802 800
800 1452
1452 800
801 802
802 801
801 803
803 801
802 1784
1784 802
803 805
805 803
803 1802
1802 803
804 805
805 804
804 806
806 804
805 806
806 805
805 807
807 805
806 807
807 806
806 808
808 806
807 808
808 807
807 809
809 807
807 1354
1354 807
808 810
810 808
808 1938
1938 808
808 1936
1936 808
809 810
810 809
809 811
811 809
810 811
811 810
810 1471
1471 810
811 812
812 811
811 813
813 811
812 813
813 812
812 814
814 812
813 815
815 813
813 1440
1440 813
814 815
815 814
814 816
816 814
814 1483
1483 814
815 816
816 815
815 817
817 815
816 818
818 816
816 1244
1244 816
816 1158
1158 816
817 818
818 817
817 819
819 817
818 819
819 818
818 820
820 818
818 1377
1377 818
818 1676
1676 818
819 820
820 819
819 821
821 819
820 822
822 820
821 822
822 821
821 823
823 821
821 1564
1564 821
822 823
823 822
822 824
824 822
822 1726
1726 822
823 824
824 823
823 825
825 823
824 825
825 824
824 826
826 824
824 1937
1937 824
825 827
827 825
825 1427
1427 825
825 1063
1063 825
826 827
827 826
826 828
828 826
827 828
828 827
827 1984
1984 827
828 829
829 828
828 830
830 828
829 830
830 829
829 831
831 829
830 831
831 830
830 832
832 830
831 832
832 831
831 833
833 831
832 833
833 832
832 834
834 832
833 834
834 833
833 835
835 833
834 836
836 834
835 837
837 835
835 1754
1754 835
836 837
837 836
836 838
838 836
837 838
838 837
837 839
839 837
838 839
839 838
838 1994
1994 838
838 1210
1210 838
839 840
840 839
839 1157
1157 839
840 841
841 840
841 1667
1667 841
842 843
843 842
843 844
844 843
843 845
845 843
843 1906
1906 843
844 846
846 844
844 934
934 844
845 846
846 845
845 847
847 845
846 847
847 846
846 848
848 846
847 848
848 847
847 849
849 847
847 1197
1197 847
848 849
849 848
849 850
850 849
849 851
851 849
850 852
852 850
850 1386
1386 850
851 852
852 851
851 853
853 851
852 854
854 852
853 854
854 853
853 855
855 853
854 855
855 854
854 856
856 854
854 1235
1235 854
855 856
856 855
855 857
857 855
856 857
857 856
856 1776
1776 856
856 1864
1864 856
857 858
858 857
857 859
859 857
858 859
859 858
858 860
860 858
859 1106
1106 859
859 1859
1859 859
860 861
861 860
861 862
862 861
861 863
863 861
861 1066
1066 861
862 863
863 862
862 864
864 862
863 864
864 863
863 865
865 863
863 1810
1810 863
864 865
865 864
864 866
866 864
865 866
866 865
865 867
867 865
866 867
867 866
866 868
868 866
867 868
868 867
867 869
869 867
867 1836
1836 867
867 1412
1412 867
868 870
870 868
868 1211
1211 868
869 870
870 869
869 871
871 869
870 872
872 870
870 1554
1554 870
871 873
873 871
871 1174
1174 871
871 1715
1715 871
872 873
873 872
872 874
874 872
873 874
874 873
873 875
875 873
874 875
875 874
874 876
876 874
875 876
876 875
875 877
877 875
876 877
877 876
876 878
878 876
877 878
878 877
877 879
879 877
877 1646
1646 877
878 879
879 878
878 880
880 878
879 880
880 879
879 881
881 879
879 1103
1103 879
880 881
881 880
881 882
882 881
881 883
883 881
882 883
883 882
882 884
884 882
882 1521
1521 882
883 884
884 883
883 1215
1215 883
884 1058
1058 884
885 886
886 885
885 887
887 885
886 888
888 886
886 1617
1617 886
886 1146
1146 886
886 1238
1238 886
886 1258
1258 886
887 888
888 887
887 889
889 887
888 889
889 888
888 890
890 888
889 890
890 889
889 1127
1127 889
889 1039
1039 889
890 891
891 890
890 892
892 890
891 892
892 891
891 893
893 891
892 894
894 892
894 895
895 894
895 1028
1028 895
895 1620
1620 895
896 897
897 896
896 898
898 896
897 898
898 897
897 899
899 897
898 900
900 898
898 1973
1973 898
899 900
900 899
899 1949
1949 899
899 1568
1568 899
900 901
901 900
900 902
902 900
901 902
902 901
902 903
903 902
902 904
904 902
903 904
904 903
903 905
905 903
904 905
905 904
904 906
906 904
904 1577
1577 904
905 906
906 905
905 1012
1012 905
906 907
907 906
906 908
908 906
907 909
909 907
908 909
909 908
908 910
910 908
909 910
910 909
909 1919
1919 909
909 946
946 909
910 911
911 910
910 912
912 910
910 1846
1846 910
911 912
912 911
911 913
913 911
912 913
913 912
912 914
914 912
913 914
914 913
913 915
915 913
914 915
915 914
914 916
916 914
914 1354
1354 914
915 916
916 915
915 917
917 915
916 917
917 916
916 918
918 916
917 918
918 917
917 919
919 917
917 1931
1931 917
918 919
919 918
918 920
920 918
919 920
920 919
919 921
921 919
920 921
921 920
920 922
922 920
920 1599
1599 920
921 923
923 921
921 1996
1996 921
921 948
948 921
922 923
923 922
922 924
924 922
923 924
924 923
923 1313
1313 923
925 926
926 925
925 927
927 925
925 1934
1934 925
926 927
927 926
926 1958
1958 926
927 928
928 927
928 929
929 928
928 930
930 928
929 931
931 929
929 1257
1257 929
929 1806
1806 929
930 931
931 930
930 1275
1275 930
930 1596
1596 930
931 932
932 931
931 933
933 931
932 933
933 932
932 934
934 932
933 934
934 933
934 935
935 934
934 936
936 934
935 936
936 935
936 937
937 936
936 938
938 936
937 938
938 937
937 939
939 937
937 1114
1114 937
938 939
939 938
938 940
940 938
939 941
941 939
939 965
965 939
940 941
941 940
940 942
942 940
940 1054
1054 940
941 942
942 941
941 943
943 941
941 1709
1709 941
942 943
943 942
942 944
944 942
942 1684
1684 942
943 944
944 943
943 945
945 943
944 1369
1369 944
945 946
946 945
945 947
947 945
946 947
947 946
946 948
948 946
947 948
948 947
947 949
949 947
947 1679
1679 947
948 949
949 948
949 950
950 949
949 951
951 949
950 951
951 950
950 1700
1700 950
951 952
952 951
951 953
953 951
952 953
953 952
952 954
954 952
953 954
954 953
953 955
955 953
953 1790
1790 953
954 955
955 954
954 956
956 954
955 956
956 955
955 957
957 955
956 957
957 956
956 958
958 956
957 958
958 957
957 959
959 957
957 1800
1800 957
958 959
959 958
958 960
960 958
959 960
960 959
959 961
961 959
960 961
961 960
960 962
962 960
961 962
962 961
961 963
963 961
962 964
964 962
962 1487
1487 962
962 1533
1533 962
963 965
965 963
964 965
965 964
964 966
966 964
964 1496
1496 964
965 966
966 965
965 967
967 965
966 967
967 966
966 968
968 966
967 968
968 967
967 969
969 967
968 969
969 968
968 970
970 968
969 970
970 969
969 971
971 969
970 971
971 970
970 972
972 970
971 973
973 971
971 1399
1399 971
972 973
973 972
972 974
974 972
972 983
983 972
973 974
974 973
973 975
975 973
973 1760
1760 973
973 1078
1078 973
974 975
975 974
974 976
976 974
975 1523
1523 975
975 1135
1135 975
975 1182
1182 975
976 977
977 976
976 978
978 976
977 978
978 977
977 979
979 977
978 979
979 978
978 980
980 978
978 1522
1522 978
979 980
980 979
979 981
981 979
980 982
982 980
981 983
983 981
981 1320
1320 981
982 983
983 982
982 984
984 982
983 984
984 983
984 985
985 984
984 986
986 984
985 986
986 985
985 987
987 985
986 988
988 986
987 988
988 987
987 989
989 987
987 1875
1875 987
988 990
990 988
988 1592
1592 988
989 990
990 989
989 991
991 989
990 991
991 990
990 1818
1818 990
991 992
992 991
991 993
993 991
991 1115
1115 991
992 993
993 992
992 994
994 992
993 994
994 993
993 995
995 993
994 995
995 994
995 996
996 995
995 997
997 995
996 997
997 996
996 998
998 996
996 1746
1746 996
997 998
998 997
997 999
999 997
997 1093
1093 997
998 1000
1000 998
998 1594
1594 998
999 1000
1000 999
999 1001
1001 999
1000 1001
1001 1000
1000 1002
1002 1000
1001 1002
1002 1001
1001 1003
1003 1001
1002 1003
1003 1002
1002 1004
1004 1002
1003 1004
1004 1003
1003 1005
1005 1003
1004 1005
1005 1004
1004 1006
1006 1004
1004 1525
1525 1004
1005 1006
1006 1005
1005 1341
1341 1005
1005 1970
1970 1005
1006 1007
1007 1006
1006 1008
1008 1006
1007 1008
1008 1007
1008 1009
1009 1008
1009 1010
1010 1009
1009 1011
1011 1009
1010 1011
1011 1010
1010 1012
1012 1010
1010 1070
1070 1010
1011 1012
1012 1011
1011 1013
1013 1011
1012 1013
1013 1012
1012 1014
1014 1012
1013 1015
1015 1013
1014 1015
1015 1014
1014 1016
1016 1014
1015 1016
1016 1015
1015 1017
1017 1015
1015 1231
1231 1015
1016 1017
1017 1016
1016 1018
1018 1016
1017 1597
1597 1017
1017 1997
1997 1017
1018 1020
1020 1018
1018 1840
1840 1018
1019 1020
1020 1019
1019 1021
1021 1019
1019 1979
1979 1019
1020 1021
1021 1020
1021 1023
1023 1021
1021 1762
1762 1021
1022 1023
1023 1022
1022 1024
1024 1022
1023 1024
1024 1023
1023 1025
1025 1023
1024 1025
1025 1024
1024 1026
1026 1024
1025 1905
1905 1025
1025 1743
1743 1025
1026 1027
1027 1026
1026 1028
1028 1026
1027 1029
1029 1027
1028 1029
1029 1028
1028 1030
1030 1028
1029 1030
1030 1029
1029 1031
1031 1029
1030 1032
1032 1030
1031 1032
1032 1031
1031 1033
1033 1031
1032 1033
1033 1032
1032 1034
1034 1032
1033 1035
1035 1033
1033 1687
1687 1033
1034 1035
1035 1034
1034 1036
1036 1034
1035 1037
1037 1035
1035 1279
1279 1035
1036 1038
1038 1036
1037 1038
1038 1037
1037 1039
1039 1037
1039 1040
1040 1039
1039 1041
1041 1039
1040 1041
1041 1040
1040 1042
1042 1040
1040 1715
1715 1040
1041 1042
1042 1041
1041 1043
1043 1041
1042 1043
1043 1042
1042 1044
1044 1042
1043 1044
1044 1043
1043 1045
1045 1043
1044 1045
1045 1044
1044 1046
1046 1044
1044 1623
1623 1044
1045 1046
1046 1045
1045 1047
1047 1045
1045 1653
1653 1045
1046 1047
1047 1046
1047 1048
1048 1047
1047 1049
1049 1047
1048 1049
1049 1048
1048 1050
1050 1048
1049 1050
1050 1049
1049 1051
1051 1049
1050 1051
1051 1050
1050 1052
1052 1050
1050 1946
1946 1050
1051 1053
1053 1051
1052 1053
1053 1052
1052 1054
1054 1052
1053 1054
1054 1053
1053 1137
1137 1053
1054 1055
1055 1054
1055 1056
1056 1055
1055 1057
1057 1055
1056 1057
1057 1056
1056 1752
1752 1056
1057 1058
1058 1057
1057 1059
1059 1057
1058 1059
1059 1058
1058 1060
1060 1058
1058 1834
1834 1058
1059 1060
1060 1059
1059 1061
1061 1059
1060 1061
1061 1060
1060 1062
1062 1060
1061 1062
1062 1061
1061 1063
1063 1061
1062 1063
1063 1062
1062 1064
1064 1062
1063 1065
1065 1063
1064 1065
1065 1064
1064 1066
1066 1064
1065 1067
1067 1065
1066 1067
1067 1066
1066 1349
1349 1066
1067 1068
1068 1067
1067 1069
1069 1067
1068 1069
1069 1068
1069 1070
1070 1069
1069 1071
1071 1069
1071 1072
1072 1071
1071 1073
1073 1071
1072 1074
1074 1072
1073 1074
1074 1073
1073 1075
1075 1073
1074 1076
1076 1074
1074 1103
1103 1074
1075 1076
1076 1075
1075 1077
1077 1075
1076 1077
1077 1076
1076 1078
1078 1076
1077 1078
1078 1077
1077 1079
1079 1077
1078 1079
1079 1078
1078 1903
1903 1078
1079 1080
1080 1079
1079 1081
1081 1079
1080 1081
1081 1080
1080 1082
1082 1080
1081 1082
1082 1081
1081 1083
1083 1081
1081 1329
1329 1081
1082 1083
1083 1082
1082 1084
1084 1082
1083 1084
1084 1083
1083 1085
1085 1083
1084 1085
1085 1084
1084 1086
1086 1084
1085 1086
1086 1085
1085 1087
1087 1085
1086 1087
1087 1086
1086 1088
1088 1086
1086 1513
1513 1086
1087 1088
1088 1087
1088 1089
1089 1088
1088 1500
1500 1088
1089 1090
1090 1089
1089 1091
1091 1089
1090 1091
1091 1090
1090 1092
1092 1090
1091 1092
1092 1091
1091 1093
1093 1091
1092 1094
1094 1092
1092 1105
1105 1092
1093 1094
1094 1093
1093 1741
1741 1093
1094 1095
1095 1094
1094 1096
1096 1094
1095 1096
1096 1095
1095 1097
1097 1095
1096 1097
1097 1096
1096 1098
1098 1096
1096 1558
1558 1096
1097 1099
1099 1097
1098 1100
1100 1098
1099 1100
1100 1099
1099 1101
1101 1099
1100 1101
1101 1100
1100 1102
1102 1100
1101 1102
1102 1101
1101 1103
1103 1101
1102 1103
1103 1102
1102 1104
1104 1102
1104 1105
1105 1104
1104 1106
1106 1104
1104 1843
1843 1104
1105 1106
1106 1105
1105 1853
1853 1105
1106 1107
1107 1106
1106 1108
1108 1106
1107 1108
1108 1107
1107 1109
1109 1107
1108 1109
1109 1108
1108 1110
1110 1108
1109 1110
1110 1109
1109 1111
1111 1109
1110 1111
1111 1110
1110 1112
1112 1110
1111 1112
1112 1111
1111 1113
1113 1111
1112 1114
1114 1112
1112 1370
1370 1112
1113 1115
1115 1113
1113 1694
1694 1113
1114 1116
1116 1114
1115 1116
1116 1115
1116 1117
1117 1116
1116 1118
1118 1116
1117 1118
1118 1117
1117 1119
1119 1117
1118 1119
1119 1118
1118 1120
1120 1118
1119 1120
1120 1119
1119 1121
1121 1119
1120 1121
1121 1120
1120 1637
1637 1120
1120 1635
1635 1120
1120 1919
1919 1120
1121 1122
1122 1121
1121 1123
1123 1121
1122 1123
1123 1122
1122 1124
1124 1122
1123 1124
1124 1123
1123 1125
1125 1123
1124 1125
1125 1124
1124 1126
1126 1124
1125 1126
1126 1125
1125 1127
1127 1125
1126 1127
1127 1126
1126 1128
1128 1126
1127 1129
1129 1127
1128 1129
1129 1128
1128 1130
1130 1128
1129 1130
1130 1129
1129 1617
1617 1129
1130 1131
1131 1130
1130 1988
1988 1130
1131 1133
1133 1131
1131 1586
1586 1131
1132 1133
1133 1132
1132 1134
1134 1132
1133 1134
1134 1133
1133 1135
1135 1133
1134 1135
1135 1134
1134 1136
1136 1134
1135 1136
1136 1135
1135 1347
1347 1135
1136 1137
1137 1136
1137 1138
1138 1137
1138 1139
1139 1138
1138 1140
1140 1138
1139 1140
1140 1139
1139 1141
1141 1139
1140 1141
1141 1140
1140 1195
1195 1140
1141 1142
1142 1141
1141 1143
1143 1141
1142 1144
1144 1142
1143 1144
1144 1143
1143 1145
1145 1143
1144 1145
1145 1144
1144 1146
1146 1144
1145 1146
1146 1145
1145 1147
1147 1145
1146 1775
1775 1146
1147 1148
1148 1147
1147 1149
1149 1147
1148 1150
1150 1148
1148 1561
1561 1148
1149 1151
1151 1149
1150 1151
1151 1150
1150 1152
1152 1150
1151 1152
1152 1151
1151 1153
1153 1151
1151 1520
1520 1151
1153 1154
1154 1153
1154 1155
1155 1154
1154 1156
1156 1154
1155 1156
1156 1155
1155 1157
1157 1155
1156 1157
1157 1156
1156 1158
1158 1156
1157 1158
1158 1157
1157 1159
1159 1157
1158 1160
1160 1158
1159 1160
1160 1159
1159 1161
1161 1159
1160 1161
1161 1160
1160 1162
1162 1160
1161 1162
1162 1161
1161 1163
1163 1161
1162 1163
1163 1162
1162 1164
1164 1162
1162 1257
1257 1162
1162 1276
1276 1162
1163 1164
1164 1163
1163 1165
1165 1163
1164 1165
1165 1164
1164 1166
1166 1164
1165 1166
1166 1165
1166 1167
1167 1166
1166 1168
1168 1166
1167 1462
1462 1167
1168 1169
1169 1168
1168 1170
1170 1168
1168 1478
1478 1168
1168 1962
1962 1168
1169 1170
1170 1169
1169 1171
1171 1169
1170 1171
1171 1170
1170 1172
1172 1170
1171 1173
1173 1171
1172 1365
1365 1172
1172 1633
1633 1172
1173 1174
1174 1173
1173 1175
1175 1173
1174 1175
1175 1174
1174 1176
1176 1174
1175 1176
1176 1175
1175 1177
1177 1175
1176 1177
1177 1176
1176 1178
1178 1176
1177 1178
1178 1177
1177 1179
1179 1177
1178 1179
1179 1178
1178 1180
1180 1178
1179 1180
1180 1179
1179 1375
1375 1179
1180 1181
1181 1180
1180 1182
1182 1180
1180 1650
1650 1180
1180 1888
1888 1180
1181 1182
1182 1181
1181 1183
1183 1181
1182 1183
1183 1182
1183 1184
1184 1183
1184 1185
1185 1184
1184 1186
1186 1184
1184 1683
1683 1184
1185 1186
1186 1185
1185 1187
1187 1185
1186 1187
1187 1186
1186 1188
1188 1186
1187 1189
1189 1187
1187 1250
1250 1187
1188 1189
1189 1188
1188 1190
1190 1188
1189 1190
1190 1189
1190 1191
1191 1190
1190 1192
1192 1190
1191 1192
1192 1191
1191 1193
1193 1191
1191 1703
1703 1191
1192 1194
1194 1192
1192 1956
1956 1192
1192 1619
1619 1192
1193 1194
1194 1193
1193 1195
1195 1193
1194 1195
1195 1194
1194 1196
1196 1194
1195 1196
1196 1195
1195 1371
1371 1195
1196 1197
1197 1196
1196 1198
1198 1196
1197 1199
1199 1197
1198 1199
1199 1198
1198 1200
1200 1198
1199 1201
1201 1199
1200 1202
1202 1200
1200 1420
1420 1200
1201 1202
1202 1201
1201 1203
1203 1201
1202 1203
1203 1202
1202 1204
1204 1202
1203 1204
1204 1203
1203 1205
1205 1203
1204 1205
1205 1204
1204 1527
1527 1204
1205 1206
1206 1205
1205 1546
1546 1205
1206 1207
1207 1206
1206 1208
1208 1206
1207 1208
1208 1207
1207 1209
1209 1207
1208 1209
1209 1208
1209 1210
1210 1209
1209 1211
1211 1209
1210 1719
1719 1210
1211 1212
1212 1211
1211 1213
1213 1211
1212 1214
1214 1212
1212 1991
1991 1212
1213 1215
1215 1213
1214 1215
1215 1214
1214 1216
1216 1214
1215 1216
1216 1215
1216 1217
1217 1216
1216 1218
1218 1216
1217 1218
1218 1217
1217 1219
1219 1217
1218 1220
1220 1218
1219 1220
1220 1219
1219 1221
1221 1219
1220 1221
1221 1220
1220 1603
1603 1220
1221 1222
1222 1221
1221 1223
1223 1221
1222 1223
1223 1222
1222 1224
1224 1222
1223 1224
1224 1223
1223 1225
1225 1223
1224 1225
1225 1224
1224 1226
1226 1224
1225 1227
1227 1225
1226 1227
1227 1226
1226 1228
1228 1226
1227 1228
1228 1227
1228 1229
1229 1228
1228 1230
1230 1228
1229 1895
1895 1229
1230 1231
1231 1230
1230 1562
1562 1230
1231 1232
1232 1231
1232 1233
1233 1232
1232 1465
1465 1232
1233 1234
1234 1233
1233 1284
1284 1233
1234 1235
1235 1234
1234 1236
1236 1234
1235 1552
1552 1235
1236 1237
1237 1236
1236 1238
1238 1236
1236 1582
1582 1236
1236 1909
1909 1236
1236 1560
1560 1236
1236 1750
1750 1236
1237 1238
1238 1237
1237 1239
1239 1237
1238 1240
1240 1238
1239 1240
1240 1239
1240 1241
1241 1240
1240 1242
1242 1240
1241 1242
1242 1241
1241 1243
1243 1241
1242 1243
1243 1242
1242 1244
1244 1242
1243 1244
1244 1243
1243 1826
1826 1243
1244 1245
1245 1244
1244 1246
1246 1244
1244 1864
1864 1244
1245 1246
1246 1245
1245 1247
1247 1245
1246 1247
1247 1246
1246 1248
1248 1246
1247 1248
1248 1247
1247 1249
1249 1247
1248 1250
1250 1248
1248 1342
1342 1248
1249 1250
1250 1249
1250 1251
1251 1250
1250 1252
1252 1250
1251 1252
1252 1251
1251 1253
1253 1251
1251 1851
1851 1251
1252 1254
1254 1252
1252 1882
1882 1252
1253 1254
1254 1253
1253 1255
1255 1253
1254 1255
1255 1254
1254 1256
1256 1254
1255 1256
1256 1255
1257 1606
1606 1257
1257 1944
1944 1257
1258 1259
1259 1258
1259 1260
1260 1259
1259 1261
1261 1259
1260 1261
1261 1260
1260 1262
1262 1260
1261 1262
1262 1261
1261 1263
1263 1261
1262 1264
1264 1262
1263 1264
1264 1263
1264 1265
1265 1264
1264 1266
1266 1264
1265 1266
1266 1265
1265 1267
1267 1265
1266 1267
1267 1266
1266 1719
1719 1266
1267 1268
1268 1267
1267 1540
1540 1267
1267 1910
1910 1267
1268 1269
1269 1268
1268 1270
1270 1268
1269 1270
1270 1269
1269 1271
1271 1269
1270 1271
1271 1270
1270 1272
1272 1270
1270 1710
1710 1270
1271 1272
1272 1271
1271 1273
1273 1271
1272 1273
1273 1272
1273 1274
1274 1273
1273 1275
1275 1273
1274 1275
1275 1274
1274 1276
1276 1274
1275 1277
1277 1275
1276 1277
1277 1276
1277 1278
1278 1277
1277 1279
1279 1277
1277 1444
1444 1277
1278 1279
1279 1278
1278 1280
1280 1278
1279 1969
1969 1279
1280 1281
1281 1280
1280 1282
1282 1280
1281 1282
1282 1281
1281 1283
1283 1281
1282 1283
1283 1282
1283 1284
1284 1283
1283 1285
1285 1283
1283 1889
1889 1283
1285 1287
1287 1285
1286 1287
1287 1286
1287 1288
1288 1287
1287 1289
1289 1287
1288 1289
1289 1288
1288 1290
1290 1288
1289 1290
1290 1289
1289 1291
1291 1289
1290 1291
1291 1290
1290 1292
1292 1290
1291 1292
1292 1291
1291 1293
1293 1291
1292 1293
1293 1292
1292 1294
1294 1292
1293 1294
1294 1293
1293 1295
1295 1293
1294 1295
1295 1294
1294 1296
1296 1294
1295 1296
1296 1295
1295 1297
1297 1295
1296 1297
1297 1296
1296 1298
1298 1296
1296 1428
1428 1296
1297 1298
1298 1297
1297 1299
1299 1297
1298 1299
1299 1298
1298 1300
1300 1298
1299 1300
1300 1299
1299 1301
1301 1299
1300 1301
1301 1300
1301 1302
1302 1301
1301 1303
1303 1301
1302 1303
1303 1302
1302 1304
1304 1302
1303 1304
1304 1303
1303 1305
1305 1303
1303 1869
1869 1303
1304 1305
1305 1304
1304 1306
1306 1304
1305 1306
1306 1305
1305 1307
1307 1305
1306 1307
1307 1306
1306 1308
1308 1306
1307 1309
1309 1307
1307 1748
1748 1307
1308 1309
1309 1308
1308 1310
1310 1308
1309 1310
1310 1309
1309 1311
1311 1309
1309 1446
1446 1309
1310 1311
1311 1310
1311 1313
1313 1311
1311 1703
1703 1311
1312 1313
1313 1312
1312 1314
1314 1312
1313 1314
1314 1313
1313 1315
1315 1313
1314 1315
1315 1314
1314 1316
1316 1314
1315 1316
1316 1315
1315 1317
1317 1315
1316 1317
1317 1316
1316 1318
1318 1316
1317 1318
1318 1317
1318 1319
1319 1318
1318 1320
1320 1318
1319 1320
1320 1319
1319 1321
1321 1319
1320 1321
1321 1320
1320 1322
1322 1320
1321 1322
1322 1321
1321 1323
1323 1321
1322 1323
1323 1322
1322 1324
1324 1322
1323 1324
1324 1323
1323 1325
1325 1323
1324 1325
1325 1324
1324 1326
1326 1324
1325 1326
1326 1325
1325 1327
1327 1325
1326 1327
1327 1326
1326 1328
1328 1326
1327 1328
1328 1327
1327 1329
1329 1327
1328 1329
1329 1328
1328 1330
1330 1328
1329 1330
1330 1329
1329 1697
1697 1329
1330 1331
1331 1330
1330 1332
1332 1330
1330 1655
1655 1330
1331 1332
1332 1331
1331 1333
1333 1331
1331 1927
1927 1331
1332 1333
1333 1332
1332 1334
1334 1332
1333 1334
1334 1333
1333 1335
1335 1333
1334 1335
1335 1334
1334 1336
1336 1334
1335 1336
1336 1335
1335 1337
1337 1335
1336 1337
1337 1336
1336 1338
1338 1336
1337 1338
1338 1337
1337 1339
1339 1337
1338 1339
1339 1338
1338 1340
1340 1338
1339 1340
1340 1339
1339 1341
1341 1339
1340 1341
1341 1340
1340 1342
1342 1340
1341 1342
1342 1341
1341 1343
1343 1341
1342 1343
1343 1342
1342 1344
1344 1342
1342 1953
1953 1342
1343 1344
1344 1343
1343 1345
1345 1343
1343 1978
1978 1343
1344 1345
1345 1344
1344 1346
1346 1344
1345 1346
1346 1345
1345 1347
1347 1345
1346 1347
1347 1346
1346 1348
1348 1346
1347 1348
1348 1347
1348 1349
1349 1348
1348 1350
1350 1348
1349 1351
1351 1349
1349 1466
1466 1349
1350 1351
1351 1350
1350 1352
1352 1350
1351 1352
1352 1351
1351 1353
1353 1351
1352 1353
1353 1352
1352 1354
1354 1352
1353 1354
1354 1353
1353 1704
1704 1353
1356 1358
1358 1356
1357 1358
1358 1357
1357 1359
1359 1357
1358 1359
1359 1358
1358 1360
1360 1358
1359 1360
1360 1359
1359 1361
1361 1359
1360 1361
1361 1360
1360 1362
1362 1360
1361 1362
1362 1361
1361 1363
1363 1361
1362 1363
1363 1362
1362 1364
1364 1362
1363 1364
1364 1363
1363 1365
1365 1363
1364 1365
1365 1364
1364 1366
1366 1364
1365 1366
1366 1365
1365 1367
1367 1365
1366 1367
1367 1366
1366 1368
1368 1366
1367 1369
1369 1367
1367 1812
1812 1367
1368 1370
1370 1368
1369 1371
1371 1369
1370 1371
1371 1370
1371 1372
1372 1371
1372 1373
1373 1372
1372 1374
1374 1372
1373 1375
1375 1373
1374 1375
1375 1374
1374 1376
1376 1374
1375 1376
1376 1375
1375 1377
1377 1375
1376 1377
1377 1376
1376 1378
1378 1376
1377 1379
1379 1377
1378 1379
1379 1378
1378 1380
1380 1378
1379 1380
1380 1379
1379 1381
1381 1379
1379 1532
1532 1379
1380 1381
1381 1380
1380 1382
1382 1380
1381 1382
1382 1381
1381 1470
1470 1381
1381 1643
1643 1381
1382 1383
1383 1382
1382 1384
1384 1382
1383 1384
1384 1383
1383 1385
1385 1383
1384 1385
1385 1384
1384 1386
1386 1384
1385 1386
1386 1385
1385 1387
1387 1385
1386 1388
1388 1386
1386 1546
1546 1386
1387 1388
1388 1387
1387 1389
1389 1387
1387 1784
1784 1387
1388 1390
1390 1388
1388 1900
1900 1388
1389 1390
1390 1389
1389 1391
1391 1389
1389 1497
1497 1389
1390 1391
1391 1390
1390 1392
1392 1390
1391 1392
1392 1391
1391 1393
1393 1391
1392 1393
1393 1392
1392 1394
1394 1392
1393 1394
1394 1393
1394 1395
1395 1394
1394 1396
1396 1394
1395 1396
1396 1395
1395 1397
1397 1395
1396 1397
1397 1396
1396 1398
1398 1396
1397 1398
1398 1397
1397 1399
1399 1397
1398 1399
1399 1398
1398 1400
1400 1398
1399 1400
1400 1399
1399 1497
1497 1399
1400 1401
1401 1400
1400 1402
1402 1400
1401 1402
1402 1401
1401 1403
1403 1401
1402 1403
1403 1402
1402 1404
1404 1402
1403 1404
1404 1403
1403 1405
1405 1403
1404 1405
1405 1404
1405 1542
1542 1405
1405 1696
1696 1405
1406 1408
1408 1406
1406 1827
1827 1406
1407 1408
1408 1407
1407 1409
1409 1407
1408 1410
1410 1408
1409 1410
1410 1409
1409 1411
1411 1409
1410 1411
1411 1410
1410 1412
1412 1410
1411 1412
1412 1411
1411 1519
1519 1411
1412 1920
1920 1412
1413 1414
1414 1413
1413 1415
1415 1413
1414 1416
1416 1414
1414 1594
1594 1414
1414 1739
1739 1414
1415 1416
1416 1415
1415 1417
1417 1415
1416 1417
1417 1416
1417 1418
1418 1417
1417 1493
1493 1417
1418 1419
1419 1418
1418 1420
1420 1418
1419 1420
1420 1419
1419 1421
1421 1419
1420 1421
1421 1420
1420 1422
1422 1420
1421 1422
1422 1421
1421 1423
1423 1421
1421 1807
1807 1421
1422 1423
1423 1422
1422 1424
1424 1422
1423 1424
1424 1423
1423 1425
1425 1423
1424 1425
1425 1424
1424 1426
1426 1424
1425 1426
1426 1425
1426 1427
1427 1426
1426 1428
1428 1426
1427 1428
1428 1427
1427 1429
1429 1427
1428 1429
1429 1428
1429 1430
1430 1429
1429 1431
1431 1429
1430 1431
1431 1430
1430 1432
1432 1430
1431 1432
1432 1431
1431 1433
1433 1431
1432 1433
1433 1432
1432 1434
1434 1432
1432 1528
1528 1432
1433 1435
1435 1433
1434 1435
1435 1434
1434 1436
1436 1434
1435 1436
1436 1435
1435 1437
1437 1435
1436 1437
1437 1436
1436 1929
1929 1436
1437 1439
1439 1437
1437 1999
1999 1437
1438 1439
1439 1438
1438 1440
1440 1438
1438 1790
1790 1438
1439 1440
1440 1439
1439 1441
1441 1439
1440 1441
1441 1440
1440 1442
1442 1440
1441 1442
1442 1441
1441 1443
1443 1441
1442 1443
1443 1442
1442 1444
1444 1442
1443 1444
1444 1443
1443 1445
1445 1443
1444 1446
1446 1444
1445 1446
1446 1445
1445 1447
1447 1445
1446 1448
1448 1446
1447 1448
1448 1447
1447 1449
1449 1447
1448 1449
1449 1448
1448 1450
1450 1448
1449 1450
1450 1449
1449 1451
1451 1449
1449 1613
1613 1449
1450 1583
1583 1450
1451 1452
1452 1451
1451 1453
1453 1451
1452 1454
1454 1452
1453 1454
1454 1453
1453 1455
1455 1453
1454 1455
1455 1454
1454 1456
1456 1454
1455 1456
1456 1455
1455 1457
1457 1455
1456 1458
1458 1456
1457 1458
1458 1457
1457 1459
1459 1457
1458 1459
1459 1458
1458 1460
1460 1458
1459 1460
1460 1459
1459 1461
1461 1459
1459 1634
1634 1459
1460 1461
1461 1460
1460 1462
1462 1460
1461 1462
1462 1461
1462 1463
1463 1462
1462 1464
1464 1462
1463 1464
1464 1463
1463 1465
1465 1463
1464 1465
1465 1464
1465 1466
1466 1465
1465 1467
1467 1465
1466 1468
1468 1466
1467 1468
1468 1467
1467 1469
1469 1467
1468 1469
1469 1468
1468 1470
1470 1468
1469 1470
1470 1469
1469 1471
1471 1469
1469 1692
1692 1469
1470 1472
1472 1470
1471 1473
1473 1471
1471 1766
1766 1471
1472 1473
1473 1472
1472 1474
1474 1472
1473 1475
1475 1473
1474 1475
1475 1474
1474 1476
1476 1474
1475 1476
1476 1475
1475 1477
1477 1475
1476 1477
1477 1476
1476 1478
1478 1476
1477 1478
1478 1477
1477 1935
1935 1477
1479 1480
1480 1479
1479 1481
1481 1479
1480 1481
1481 1480
1480 1728
1728 1480
1481 1482
1482 1481
1481 1483
1483 1481
1482 1483
1483 1482
1482 1484
1484 1482
1483 1485
1485 1483
1484 1485
1485 1484
1484 1486
1486 1484
1485 1486
1486 1485
1485 1487
1487 1485
1485 1635
1635 1485
1486 1487
1487 1486
1486 1488
1488 1486
1487 1488
1488 1487
1487 1489
1489 1487
1488 1489
1489 1488
1488 1490
1490 1488
1488 1603
1603 1488
1489 1490
1490 1489
1489 1491
1491 1489
1490 1491
1491 1490
1490 1492
1492 1490
1491 1492
1492 1491
1491 1493
1493 1491
1492 1493
1493 1492
1492 1494
1494 1492
1493 1494
1494 1493
1493 1495
1495 1493
1494 1495
1495 1494
1494 1496
1496 1494
1495 1497
1497 1495
1496 1547
1547 1496
1497 1498
1498 1497
1498 1499
1499 1498
1498 1500
1500 1498
1498 1863
1863 1498
1499 1500
1500 1499
1499 1509
1509 1499
1499 1530
1530 1499
1500 1501
1501 1500
1501 1502
1502 1501
1501 1792
1792 1501
1502 1503
1503 1502
1502 1504
1504 1502
1503 1504
1504 1503
1503 1505
1505 1503
1504 1505
1505 1504
1504 1506
1506 1504
1505 1506
1506 1505
1505 1507
1507 1505
1506 1507
1507 1506
1506 1508
1508 1506
1507 1508
1508 1507
1508 1509
1509 1508
1508 1510
1510 1508
1509 1510
1510 1509
1509 1511
1511 1509
1510 1511
1511 1510
1510 1512
1512 1510
1511 1513
1513 1511
1512 1513
1513 1512
1512 1514
1514 1512
1513 1514
1514 1513
1514 1515
1515 1514
1514 1516
1516 1514
1515 1516
1516 1515
1515 1517
1517 1515
1516 1517
1517 1516
1516 1518
1518 1516
1517 1518
1518 1517
1517 1519
1519 1517
1518 1519
1519 1518
1519 1520
1520 1519
1519 1581
1581 1519
1520 1522
1522 1520
1521 1522
1522 1521
1522 1523
1523 1522
1523 1524
1524 1523
1524 1525
1525 1524
1526 1527
1527 1526
1526 1528
1528 1526
1527 1528
1528 1527
1527 1529
1529 1527
1528 1529
1529 1528
1529 1530
1530 1529
1529 1865
1865 1529
1530 1531
1531 1530
1530 1600
1600 1530
1531 1532
1532 1531
1531 1533
1533 1531
1531 1955
1955 1531
1532 1533
1533 1532
1533 1534
1534 1533
1534 1536
1536 1534
1535 1536
1536 1535
1536 1537
1537 1536
1536 1538
1538 1536
1537 1538
1538 1537
1537 1539
1539 1537
1538 1539
1539 1538
1538 1540
1540 1538
1539 1540
1540 1539
1539 1541
1541 1539
1540 1542
1542 1540
1541 1542
1542 1541
1541 1543
1543 1541
1542 1543
1543 1542
1542 1794
1794 1542
1542 1737
1737 1542
1543 1544
1544 1543
1543 1545
1545 1543
1544 1545
1545 1544
1544 1546
1546 1544
1545 1546
1546 1545
1545 1844
1844 1545
1546 1547
1547 1546
1546 1548
1548 1546
1547 1548
1548 1547
1547 1549
1549 1547
1548 1549
1549 1548
1548 1550
1550 1548
1549 1550
1550 1549
1549 1551
1551 1549
1550 1551
1551 1550
1550 1552
1552 1550
1551 1552
1552 1551
1551 1553
1553 1551
1552 1553
1553 1552
1552 1554
1554 1552
1553 1554
1554 1553
1554 1555
1555 1554
1554 1556
1556 1554
1555 1556
1556 1555
1555 1557
1557 1555
1556 1557
1557 1556
1556 1558
1558 1556
1557 1559
1559 1557
1558 1559
1559 1558
1559 1560
1560 1559
1559 1561
1561 1559
1560 1561
1561 1560
1561 1562
1562 1561
1561 1563
1563 1561
1562 1563
1563 1562
1562 1564
1564 1562
1563 1565
1565 1563
1564 1615
1615 1564
1565 1566
1566 1565
1565 1567
1567 1565
1565 1877
1877 1565
1566 1567
1567 1566
1566 1806
1806 1566
1567 1568
1568 1567
1567 1569
1569 1567
1568 1570
1570 1568
1568 1891
1891 1568
1569 1570
1570 1569
1569 1571
1571 1569
1570 1572
1572 1570
1570 1861
1861 1570
1571 1572
1572 1571
1571 1573
1573 1571
1572 1573
1573 1572
1572 1574
1574 1572
1573 1574
1574 1573
1573 1575
1575 1573
1574 1575
1575 1574
1574 1576
1576 1574
1575 1576
1576 1575
1575 1577
1577 1575
1576 1577
1577 1576
1576 1578
1578 1576
1577 1579
1579 1577
1578 1579
1579 1578
1578 1580
1580 1578
1579 1580
1580 1579
1579 1581
1581 1579
1580 1581
1581 1580
1580 1582
1582 1580
1581 1583
1583 1581
1581 1777
1777 1581
1582 1584
1584 1582
1583 1584
1584 1583
1583 1585
1585 1583
1584 1585
1585 1584
1584 1586
1586 1584
1585 1586
1586 1585
1585 1587
1587 1585
1586 1587
1587 1586
1586 1588
1588 1586
1587 1588
1588 1587
1587 1787
1787 1587
1588 1589
1589 1588
1588 1941
1941 1588
1589 1590
1590 1589
1589 1591
1591 1589
1590 1591
1591 1590
1590 1592
1592 1590
1591 1592
1592 1591
1591 1593
1593 1591
1592 1593
1593 1592
1592 1594
1594 1592
1593 1594
1594 1593
1594 1595
1595 1594
1594 1596
1596 1594
1595 1596
1596 1595
1595 1597
1597 1595
1595 1930
1930 1595
1596 1597
1597 1596
1597 1599
1599 1597
1597 1810
1810 1597
1598 1600
1600 1598
1598 1637
1637 1598
1599 1600
1600 1599
1600 1601
1601 1600
1601 1602
1602 1601
1601 1603
1603 1601
1602 1603
1603 1602
1602 1604
1604 1602
1602 1671
1671 1602
1603 1604
1604 1603
1604 1606
1606 1604
1605 1606
1606 1605
1606 1607
1607 1606
1606 1608
1608 1606
1607 1608
1608 1607
1607 1609
1609 1607
1608 1610
1610 1608
1608 1690
1690 1608
1609 1610
1610 1609
1609 1611
1611 1609
1610 1611
1611 1610
1610 1612
1612 1610
1611 1613
1613 1611
1612 1613
1613 1612
1613 1614
1614 1613
1614 1615
1615 1614
1614 1616
1616 1614
1615 1616
1616 1615
1615 1617
1617 1615
1616 1617
1617 1616
1616 1618
1618 1616
1617 1618
1618 1617
1617 1619
1619 1617
1618 1620
1620 1618
1619 1621
1621 1619
1620 1621
1621 1620
1620 1622
1622 1620
1621 1622
1622 1621
1621 1903
1903 1621
1622 1623
1623 1622
1622 1624
1624 1622
1623 1624
1624 1623
1624 1625
1625 1624
1624 1626
1626 1624
1625 1626
1626 1625
1625 1627
1627 1625
1626 1627
1627 1626
1626 1628
1628 1626
1627 1628
1628 1627
1628 1629
1629 1628
1628 1630
1630 1628
1629 1630
1630 1629
1629 1631
1631 1629
1630 1631
1631 1630
1630 1632
1632 1630
1631 1632
1632 1631
1631 1974
1974 1631
1632 1633
1633 1632
1632 1634
1634 1632
1633 1634
1634 1633
1633 1635
1635 1633
1634 1636
1636 1634
1635 1840
1840 1635
1636 1637
1637 1636
1636 1638
1638 1636
1637 1639
1639 1637
1638 1639
1639 1638
1638 1640
1640 1638
1639 1640
1640 1639
1639 1724
1724 1639
1640 1642
1642 1640
1641 1642
1642 1641
1641 1643
1643 1641
1641 1764
1764 1641
1642 1643
1643 1642
1642 1644
1644 1642
1643 1645
1645 1643
1644 1645
1645 1644
1644 1646
1646 1644
1645 1646
1646 1645
1645 1647
1647 1645
1646 1647
1647 1646
1646 1971
1971 1646
1647 1648
1648 1647
1647 1649
1649 1647
1648 1649
1649 1648
1649 1650
1650 1649
1649 1651
1651 1649
1650 1651
1651 1650
1651 1652
1652 1651
1651 1653
1653 1651
1652 1653
1653 1652
1652 1654
1654 1652
1653 1654
1654 1653
1654 1655
1655 1654
1654 1656
1656 1654
1655 1656
1656 1655
1656 1657
1657 1656
1656 1658
1658 1656
1657 1658
1658 1657
1658 1659
1659 1658
1658 1988
1988 1658
1659 1660
1660 1659
1659 1661
1661 1659
1660 1662
1662 1660
1660 1872
1872 1660
1661 1662
1662 1661
1661 1663
1663 1661
1662 1663
1663 1662
1662 1664
1664 1662
1663 1664
1664 1663
1663 1665
1665 1663
1663 1987
1987 1663
1664 1665
1665 1664
1664 1668
1668 1664
1665 1666
1666 1665
1665 1667
1667 1665
1666 1667
1667 1666
1666 1668
1668 1666
1667 1668
1668 1667
1667 1669
1669 1667
1668 1670
1670 1668
1669 1670
1670 1669
1669 1671
1671 1669
1670 1671
1671 1670
1670 1672
1672 1670
1670 1915
1915 1670
1671 1672
1672 1671
1672 1673
1673 1672
1673 1674
1674 1673
1673 1675
1675 1673
1674 1675
1675 1674
1674 1676
1676 1674
1675 1676
1676 1675
1675 1677
1677 1675
1676 1677
1677 1676
1677 1678
1678 1677
1677 1679
1679 1677
1678 1679
1679 1678
1678 1680
1680 1678
1679 1680
1680 1679
1680 1681
1681 1680
1680 1682
1682 1680
1681 1682
1682 1681
1681 1683
1683 1681
1682 1683
1683 1682
1682 1684
1684 1682
1683 1684
1684 1683
1684 1685
1685 1684
1685 1686
1686 1685
1685 1687
1687 1685
1686 1687
1687 1686
1686 1688
1688 1686
1687 1688
1688 1687
1687 1689
1689 1687
1688 1689
1689 1688
1688 1690
1690 1688
1689 1690
1690 1689
1689 1691
1691 1689
1690 1691
1691 1690
1690 1692
1692 1690
1691 1692
1692 1691
1691 1693
1693 1691
1693 1694
1694 1693
1693 1695
1695 1693
1694 1696
1696 1694
1695 1696
1696 1695
1695 1697
1697 1695
1696 1697
1697 1696
1696 1698
1698 1696
1698 1699
1699 1698
1699 1700
1700 1699
1700 1702
1702 1700
1701 1702
1702 1701
1701 1703
1703 1701
1702 1703
1703 1702
1702 1704
1704 1702
1703 1705
1705 1703
1704 1705
1705 1704
1704 1706
1706 1704
1705 1706
1706 1705
1705 1707
1707 1705
1706 1707
1707 1706
1706 1708
1708 1706
1707 1708
1708 1707
1707 1709
1709 1707
1708 1709
1709 1708
1708 1710
1710 1708
1709 1710
1710 1709
1710 1711
1711 1710
1711 1713
1713 1711
1711 1835
1835 1711
1711 1861
1861 1711
1712 1713
1713 1712
1712 1714
1714 1712
1713 1715
1715 1713
1713 1825
1825 1713
1714 1715
1715 1714
1714 1716
1716 1714
1716 1717
1717 1716
1716 1718
1718 1716
1717 1718
1718 1717
1717 1719
1719 1717
1718 1963
1963 1718
1719 1720
1720 1719
1719 1721
1721 1719
1720 1721
1721 1720
1720 1722
1722 1720
1721 1722
1722 1721
1721 1723
1723 1721
1722 1723
1723 1722
1722 1724
1724 1722
1723 1724
1724 1723
1723 1725
1725 1723
1724 1725
1725 1724
1724 1726
1726 1724
1725 1726
1726 1725
1725 1727
1727 1725
1726 1728
1728 1726
1727 1728
1728 1727
1727 1729
1729 1727
1728 1729
1729 1728
1728 1730
1730 1728
1729 1730
1730 1729
1729 1731
1731 1729
1730 1731
1731 1730
1730 1732
1732 1730
1731 1732
1732 1731
1731 1733
1733 1731
1732 1734
1734 1732
1733 1734
1734 1733
1733 1735
1735 1733
1734 1735
1735 1734
1734 1736
1736 1734
1735 1737
1737 1735
1736 1737
1737 1736
1736 1738
1738 1736
1736 1745
1745 1736
1737 1738
1738 1737
1737 1870
1870 1737
1738 1739
1739 1738
1738 1740
1740 1738
1739 1741
1741 1739
1740 1741
1741 1740
1740 1742
1742 1740
1741 1743
1743 1741
1742 1743
1743 1742
1742 1744
1744 1742
1743 1744
1744 1743
1743 1745
1745 1743
1744 1745
1745 1744
1744 1746
1746 1744
1745 1747
1747 1745
1746 1747
1747 1746
1747 1748
1748 1747
1747 1749
1749 1747
1748 1749
1749 1748
1748 1750
1750 1748
1749 1750
1750 1749
1749 1751
1751 1749
1750 1751
1751 1750
1751 1752
1752 1751
1751 1753
1753 1751
1752 1754
1754 1752
1752 1805
1805 1752
1753 1754
1754 1753
1753 1755
1755 1753
1754 1755
1755 1754
1754 1756
1756 1754
1755 1757
1757 1755
1755 1841
1841 1755
1756 1757
1757 1756
1756 1758
1758 1756
1757 1758
1758 1757
1757 1759
1759 1757
1758 1760
1760 1758
1759 1760
1760 1759
1760 1762
1762 1760
1761 1762
1762 1761
1761 1763
1763 1761
1762 1764
1764 1762
1763 1764
1764 1763
1764 1766
1766 1764
1765 1766
1766 1765
1765 1767
1767 1765
1766 1767
1767 1766
1766 1768
1768 1766
1767 1768
1768 1767
1767 1769
1769 1767
1768 1769
1769 1768
1768 1838
1838 1768
1769 1770
1770 1769
1769 1771
1771 1769
1770 1771
1771 1770
1771 1772
1772 1771
1771 1773
1773 1771
1772 1773
1773 1772
1772 1774
1774 1772
1773 1774
1774 1773
1773 1775
1775 1773
1774 1775
1775 1774
1775 1776
1776 1775
1775 1777
1777 1775
1776 1778
1778 1776
1777 1778
1778 1777
1777 1779
1779 1777
1778 1779
1779 1778
1778 1780
1780 1778
1779 1780
1780 1779
1779 1781
1781 1779
1780 1781
1781 1780
1780 1890
1890 1780
1781 1782
1782 1781
1781 1783
1783 1781
1782 1783
1783 1782
1782 1784
1784 1782
1783 1784
1784 1783
1783 1785
1785 1783
1784 1786
1786 1784
1785 1786
1786 1785
1785 1787
1787 1785
1786 1787
1787 1786
1786 1788
1788 1786
1787 1788
1788 1787
1787 1789
1789 1787
1788 1789
1789 1788
1788 1790
1790 1788
1789 1790
1790 1789
1789 1791
1791 1789
1791 1792
1792 1791
1791 1793
1793 1791
1792 1793
1793 1792
1792 1794
1794 1792
1793 1794
1794 1793
1793 1795
1795 1793
1793 1914
1914 1793
1794 1796
1796 1794
1795 1796
1796 1795
1795 1797
1797 1795
1796 1797
1797 1796
1796 1846
1846 1796
1797 1799
1799 1797
1798 1799
1799 1798
1798 1800
1800 1798
1799 1800
1800 1799
1799 1801
1801 1799
1800 1802
1802 1800
1801 1803
1803 1801
1802 1803
1803 1802
1802 1804
1804 1802
1803 1804
1804 1803
1803 1805
1805 1803
1804 1805
1805 1804
1804 1806
1806 1804
1805 1806
1806 1805
1805 1807
1807 1805
1806 1807
1807 1806
1808 1809
1809 1808
1808 1810
1810 1808
1809 1810
1810 1809
1809 1811
1811 1809
1811 1812
1812 1811
1811 1813
1813 1811
1812 1813
1813 1812
1812 1814
1814 1812
1813 1814
1814 1813
1813 1815
1815 1813
1814 1815
1815 1814
1814 1816
1816 1814
1815 1816
1816 1815
1815 1817
1817 1815
1816 1817
1817 1816
1816 1818
1818 1816
1817 1818
1818 1817
1817 1819
1819 1817
1819 1820
1820 1819
1819 1821
1821 1819
1820 1821
1821 1820
1820 1822
1822 1820
1821 1822
1822 1821
1821 1823
1823 1821
1822 1823
1823 1822
1822 1824
1824 1822
1823 1824
1824 1823
1823 1825
1825 1823
1824 1825
1825 1824
1824 1826
1826 1824
1825 1826
1826 1825
1825 1827
1827 1825
1826 1827
1827 1826
1827 1828
1828 1827
1827 1829
1829 1827
1828 1829
1829 1828
1828 1830
1830 1828
1829 1830
1830 1829
1829 1831
1831 1829
1830 1831
1831 1830
1830 1832
1832 1830
1831 1833
1833 1831
1832 1833
1833 1832
1832 1834
1834 1832
1833 1834
1834 1833
1833 1835
1835 1833
1835 1836
1836 1835
1835 1837
1837 1835
1837 1838
1838 1837
1837 1839
1839 1837
1838 1839
1839 1838
1838 1840
1840 1838
1839 1841
1841 1839
1840 1841
1841 1840
1841 1842
1842 1841
1842 1843
1843 1842
1842 1844
1844 1842
1843 1844
1844 1843
1844 1845
1845 1844
1844 1846
1846 1844
1845 1846
1846 1845
1845 1847
1847 1845
1847 1848
1848 1847
1847 1849
1849 1847
1848 1849
1849 1848
1848 1850
1850 1848
1849 1850
1850 1849
1849 1851
1851 1849
1850 1851
1851 1850
1850 1852
1852 1850
1851 1852
1852 1851
1852 1853
1853 1852
1852 1854
1854 1852
1853 1854
1854 1853
1853 1855
1855 1853
1854 1855
1855 1854
1854 1856
1856 1854
1855 1856
1856 1855
1855 1857
1857 1855
1856 1857
1857 1856
1856 1858
1858 1856
1857 1858
1858 1857
1857 1859
1859 1857
1858 1859
1859 1858
1858 1860
1860 1858
1859 1861
1861 1859
1860 1861
1861 1860
1860 1862
1862 1860
1860 1889
1889 1860
1861 1862
1862 1861
1862 1863
1863 1862
1863 1865
1865 1863
1863 1960
1960 1863
1864 1865
1865 1864
1865 1866
1866 1865
1865 1867
1867 1865
1866 1867
1867 1866
1866 1868
1868 1866
1867 1868
1868 1867
1867 1869
1869 1867
1868 1869
1869 1868
1868 1870
1870 1868
1869 1870
1870 1869
1870 1871
1871 1870
1871 1872
1872 1871
1871 1873
1873 1871
1872 1873
1873 1872
1873 1874
1874 1873
1873 1875
1875 1873
1874 1875
1875 1874
1874 1876
1876 1874
1875 1950
1950 1875
1876 1877
1877 1876
1876 1878
1878 1876
1878 1879
1879 1878
1879 1880
1880 1879
1879 1881
1881 1879
1880 1881
1881 1880
1880 1882
1882 1880
1881 1882
1882 1881
1881 1883
1883 1881
1882 1883
1883 1882
1882 1884
1884 1882
1883 1884
1884 1883
1883 1885
1885 1883
1884 1885
1885 1884
1884 1886
1886 1884
1885 1887
1887 1885
1885 1958
1958 1885
1886 1887
1887 1886
1886 1888
1888 1886
1887 1888
1888 1887
1887 1889
1889 1887
1888 1889
1889 1888
1890 1891
1891 1890
1890 1892
1892 1890
1891 1893
1893 1891
1892 1893
1893 1892
1892 1894
1894 1892
1893 1894
1894 1893
1893 1895
1895 1893
1894 1895
1895 1894
1894 1896
1896 1894
1895 1896
1896 1895
1895 1897
1897 1895
1896 1897
1897 1896
1896 1898
1898 1896
1897 1898
1898 1897
1897 1899
1899 1897
1898 1899
1899 1898
1898 1900
1900 1898
1899 1900
1900 1899
1899 1901
1901 1899
1900 1901
1901 1900
1901 1902
1902 1901
1901 1903
1903 1901
1902 1903
1903 1902
1902 1904
1904 1902
1903 1904
1904 1903
1904 1905
1905 1904
1904 1906
1906 1904
1905 1907
1907 1905
1905 1911
1911 1905
1906 1907
1907 1906
1907 1908
1908 1907
1907 1909
1909 1907
1908 1909
1909 1908
1908 1910
1910 1908
1909 1911
1911 1909
1910 1911
1911 1910
1911 1912
1912 1911
1912 1913
1913 1912
1912 1914
1914 1912
1913 1914
1914 1913
1913 1915
1915 1913
1914 1916
1916 1914
1915 1917
1917 1915
1916 1917
1917 1916
1916 1984
1984 1916
1917 1918
1918 1917
1917 1919
1919 1917
1918 1919
1919 1918
1918 1920
1920 1918
1920 1921
1921 1920
1920 1922
1922 1920
1921 1922
1922 1921
1921 1923
1923 1921
1922 1923
1923 1922
1922 1924
1924 1922
1923 1924
1924 1923
1923 1925
1925 1923
1924 1925
1925 1924
1924 1926
1926 1924
1925 1926
1926 1925
1925 1927
1927 1925
1926 1927
1927 1926
1926 1928
1928 1926
1927 1929
1929 1927
1928 1929
1929 1928
1928 1930
1930 1928
1929 1931
1931 1929
1930 1931
1931 1930
1931 1932
1932 1931
1932 1933
1933 1932
1932 1934
1934 1932
1933 1934
1934 1933
1933 1935
1935 1933
1934 1936
1936 1934
1935 1936
1936 1935
1935 1937
1937 1935
1936 1938
1938 1936
1938 1940
1940 1938
1939 1940
1940 1939
1939 1941
1941 1939
1940 1941
1941 1940
1940 1942
1942 1940
1941 1942
1942 1941
1941 1943
1943 1941
1942 1943
1943 1942
1942 1944
1944 1942
1943 1944
1944 1943
1943 1945
1945 1943
1944 1945
1945 1944
1945 1946
1946 1945
1945 1947
1947 1945
1946 1948
1948 1946
1947 1948
1948 1947
1947 1949
1949 1947
1948 1949
1949 1948
1949 1951
1951 1949
1950 1951
1951 1950
1951 1953
1953 1951
1952 1953
1953 1952
1952 1954
1954 1952
1953 1955
1955 1953
1954 1955
1955 1954
1955 1956
1956 1955
1956 1957
1957 1956
1956 1958
1958 1956
1957 1958
1958 1957
1957 1959
1959 1957
1958 1959
1959 1958
1958 1960
1960 1958
1959 1960
1960 1959
1959 1961
1961 1959
1960 1961
1961 1960
1961 1962
1962 1961
1961 1963
1963 1961
1962 1964
1964 1962
1963 1964
1964 1963
1963 1965
1965 1963
1964 1965
1965 1964
1964 1966
1966 1964
1965 1966
1966 1965
1965 1967
1967 1965
1966 1967
1967 1966
1966 1968
1968 1966
1967 1968
1968 1967
1967 1969
1969 1967
1968 1969
1969 1968
1968 1970
1970 1968
1969 1970
1970 1969
1969 1971
1971 1969
1970 1971
1971 1970
1971 1973
1973 1971
1972 1973
1973 1972
1972 1974
1974 1972
1973 1974
1974 1973
1973 1975
1975 1973
1974 1975
1975 1974
1974 1976
1976 1974
1975 1976
1976 1975
1975 1977
1977 1975
1976 1977
1977 1976
1976 1978
1978 1976
1977 1978
1978 1977
1978 1979
1979 1978
1979 1981
1981 1979
1980 1981
1981 1980
1980 1982
1982 1980
1981 1982
1982 1981
1982 1983
1983 1982
1982 1984
1984 1982
1983 1984
1984 1983
1983 1985
1985 1983
1984 1985
1985 1984
1985 1986
1986 1985
1985 1987
1987 1985
1986 1987
1987 1986
1986 1988
1988 1986
1987 1989
1989 1987
1988 1990
1990 1988
1989 1990
1990 1989
1990 1992
1992 1990
1991 1992
1992 1991
1991 1993
1993 1991
1992 1993
1993 1992
1993 1994
1994 1993
1993 1995
1995 1993
1994 1995
1995 1994
1994 1996
1996 1994
1995 1996
1996 1995
1995 1997
1997 1995
1996 1997
1997 1996
1996 1998
1998 1996
1997 1998
1998 1997
1997 1999
1999 1997
1998 1999
1999 1998
